Session ID,Timestamp,Item ID,Price,Quantity
420374,2014-04-06T18:44:58.314Z,214537888,12462,1
420374,2014-04-06T18:44:58.325Z,214537850,10471,1
281626,2014-04-06T09:40:13.032Z,214535653,1883,1
420368,2014-04-04T06:13:28.848Z,214530572,6073,1
420368,2014-04-04T06:13:28.858Z,214835025,2617,1
140806,2014-04-07T09:22:28.132Z,214668193,523,1
140806,2014-04-07T09:22:28.176Z,214587399,1046,1
140806,2014-04-07T09:22:28.219Z,214586690,837,1
140806,2014-04-07T09:22:28.268Z,214774667,1151,1
140806,2014-04-07T09:22:28.280Z,214578823,1046,1
11,2014-04-03T11:04:11.417Z,214821371,1046,1
11,2014-04-03T11:04:18.097Z,214821371,1046,1
12,2014-04-02T10:42:17.227Z,214717867,1778,4
489758,2014-04-06T09:59:52.422Z,214826955,1360,2
489758,2014-04-06T09:59:52.476Z,214826715,732,2
489758,2014-04-06T09:59:52.578Z,214827026,1046,1
140802,2014-04-02T16:52:21.678Z,214716984,1883,1
489756,2014-04-05T16:51:59.947Z,214716932,6177,1
420378,2014-04-03T07:41:02.566Z,214821017,1046,1
420378,2014-04-03T07:41:02.616Z,214821020,732,1
420378,2014-04-03T07:41:02.668Z,214821013,1883,1
281609,2014-04-07T09:25:02.934Z,214821290,1046,4
281609,2014-04-07T09:25:06.927Z,214821290,1046,4
21,2014-04-07T09:24:18.307Z,214548744,3141,1
21,2014-04-07T09:24:18.360Z,214838503,18745,1
140826,2014-04-04T06:36:00.009Z,214636775,8375,1
70427,2014-04-02T15:54:07.144Z,214820255,3769,1
33,2014-04-06T18:24:51.206Z,214834865,523,2
33,2014-04-06T18:24:51.207Z,214706441,1360,1
33,2014-04-06T18:24:51.207Z,214820225,2092,1
33,2014-04-06T18:24:51.295Z,214834865,523,2
33,2014-04-06T18:24:51.422Z,214820225,2092,1
33,2014-04-06T18:24:51.426Z,214706441,1360,1
140837,2014-04-06T18:00:50.137Z,214821339,523,2
140837,2014-04-06T18:00:50.155Z,214586711,1570,1
140837,2014-04-06T18:00:53.023Z,214821339,523,2
140837,2014-04-06T18:00:53.024Z,214586711,1570,1
46,2014-04-03T07:09:22.737Z,214716932,7328,2
46,2014-04-03T07:09:22.751Z,214716932,4188,1
352044,2014-04-03T17:46:41.919Z,214821285,2092,2
352044,2014-04-03T17:46:41.950Z,214821277,1046,4
352044,2014-04-03T17:46:41.963Z,214826608,313,1
420388,2014-04-02T11:35:29.008Z,214711635,4188,1
140851,2014-04-06T16:26:15.966Z,214573612,4711,1
281636,2014-04-01T21:59:12.162Z,214695097,5235,1
281636,2014-04-01T21:59:12.221Z,214695092,14556,1
140874,2014-04-02T17:06:27.196Z,214716930,5759,1
70464,2014-04-03T10:26:07.632Z,214820231,1046,1
70464,2014-04-03T10:26:07.753Z,214840417,1570,1
210248,2014-04-05T15:43:14.945Z,214839313,4188,1
352082,2014-04-04T11:33:13.228Z,214687642,1570,1
140866,2014-04-04T11:11:37.729Z,214585395,4188,1
281686,2014-04-04T10:31:53.316Z,214821013,1883,1
281686,2014-04-04T10:31:54.156Z,214547668,4188,1
87,2014-04-07T06:57:22.557Z,214652220,1465,1
87,2014-04-07T06:57:22.621Z,214840483,1674,1
87,2014-04-07T06:57:22.679Z,214743369,1046,1
87,2014-04-07T06:57:22.736Z,214826837,627,1
87,2014-04-07T06:57:22.749Z,214820392,627,1
87,2014-04-07T06:57:22.801Z,214826908,837,1
87,2014-04-07T06:57:22.803Z,214819430,470,1
489792,2014-04-02T11:03:03.854Z,214826810,1046,1
420423,2014-04-02T20:55:07.029Z,214821390,941,1
489807,2014-04-01T07:42:09.535Z,214586651,4083,1
420426,2014-04-03T18:20:25.293Z,214717005,2931,1
352071,2014-04-07T10:34:07.855Z,214695097,8375,1
103,2014-04-03T14:26:27.706Z,214748293,3350,1
489847,2014-04-01T16:06:29.623Z,214652932,1778,1
489846,2014-04-04T12:52:51.559Z,214718396,1046,2
420464,2014-04-07T14:07:39.844Z,214582942,5235,1
420471,2014-04-04T11:40:13.625Z,214717888,2092,1
420471,2014-04-04T11:40:13.681Z,214821024,1570,1
420471,2014-04-04T11:40:13.739Z,214829282,837,1
420471,2014-04-04T11:40:13.787Z,214819547,418,1
420471,2014-04-04T11:40:13.853Z,214746382,784,1
420471,2014-04-04T11:51:13.708Z,214821024,1570,1
420471,2014-04-04T11:51:13.709Z,214717888,2092,1
420471,2014-04-04T11:51:13.725Z,214819547,418,1
420471,2014-04-04T11:51:13.731Z,214829282,837,1
420471,2014-04-04T11:51:13.748Z,214573357,784,1
489843,2014-04-07T10:13:17.186Z,214821277,1046,2
489843,2014-04-07T10:13:17.272Z,214821285,2092,2
489843,2014-04-07T10:13:17.554Z,214839313,4188,1
70503,2014-04-03T18:35:25.561Z,214531513,2617,1
281719,2014-04-04T17:04:56.685Z,214716973,2408,2
420473,2014-04-06T18:31:11.201Z,214827007,837,1
420473,2014-04-06T18:31:11.208Z,214827005,627,1
420473,2014-04-06T18:31:11.218Z,214827000,418,1
140921,2014-04-01T18:57:09.021Z,214684093,1046,1
420449,2014-04-01T10:25:01.826Z,214539845,26075,1
420459,2014-04-07T17:53:29.372Z,214837490,523,1
420459,2014-04-07T17:53:29.372Z,214837485,627,1
420459,2014-04-07T17:53:29.377Z,214837483,523,1
420459,2014-04-07T17:53:29.383Z,214709634,837,1
420459,2014-04-07T17:53:29.459Z,214829737,1360,1
140913,2014-04-05T07:40:40.651Z,214714880,10471,1
420457,2014-04-01T09:58:16.652Z,214705991,7328,1
281698,2014-04-01T18:47:30.910Z,214820261,4188,1
281698,2014-04-01T18:47:30.960Z,214820233,1465,1
352103,2014-04-03T10:10:10.392Z,214821307,198,3
352103,2014-04-03T10:10:10.641Z,214748295,2303,1
420508,2014-04-07T15:37:26.815Z,214684093,1046,1
420508,2014-04-07T15:37:26.896Z,214648245,1570,1
420508,2014-04-07T15:37:26.950Z,214819762,627,1
281744,2014-04-03T07:11:27.782Z,214716932,4188,1
138,2014-04-04T09:59:42.860Z,214594592,4711,1
281747,2014-04-06T10:32:23.948Z,214826801,523,2
281747,2014-04-06T10:32:23.984Z,214826801,523,1
281747,2014-04-06T10:32:24.000Z,214571904,3141,1
281747,2014-04-06T10:32:24.020Z,214826608,313,1
281747,2014-04-06T10:32:24.036Z,214716673,7852,1
352159,2014-04-06T18:12:38.631Z,214820413,1570,4
352159,2014-04-06T18:12:38.638Z,214821292,627,2
352159,2014-04-06T18:12:38.653Z,214821277,1046,2
70532,2014-04-06T09:59:03.143Z,214536506,1674,2
420497,2014-04-06T10:41:32.284Z,214711078,1046,3
420497,2014-04-06T10:41:32.311Z,214826627,523,2
420497,2014-04-06T10:41:32.319Z,214826955,1360,3
70529,2014-04-03T11:07:51.984Z,214716984,2617,2
210326,2014-04-03T18:33:19.363Z,214613865,4711,1
352129,2014-04-07T14:47:06.473Z,214839313,4188,1
352129,2014-04-07T14:47:06.804Z,214839313,4188,1
489858,2014-04-02T13:03:55.777Z,214555903,1360,1
281739,2014-04-04T21:50:28.277Z,214708305,3141,1
281738,2014-04-03T19:17:59.977Z,214717888,2092,1
281738,2014-04-03T19:18:00.047Z,214826953,1570,1
281738,2014-04-03T19:18:00.105Z,214819760,627,1
281738,2014-04-03T19:18:00.148Z,214602806,2617,1
210337,2014-04-01T19:23:24.231Z,214676537,32358,1
420543,2014-04-04T07:10:43.388Z,214600502,26075,1
210336,2014-04-02T16:24:25.970Z,214701240,15080,1
210336,2014-04-02T16:24:26.019Z,214820400,418,1
210336,2014-04-02T16:24:26.073Z,214753513,784,1
210336,2014-04-02T16:24:26.131Z,214554277,1046,1
140964,2014-04-04T07:02:02.655Z,214697996,2408,1
210344,2014-04-03T17:02:23.016Z,214832653,2408,2
210344,2014-04-03T17:02:23.078Z,214612706,6282,1
140973,2014-04-02T20:24:15.190Z,214664767,15603,1
70561,2014-04-03T08:03:24.909Z,214716937,1988,2
281789,2014-04-04T18:43:07.127Z,214717003,2617,2
281789,2014-04-04T18:43:07.292Z,214717005,2408,1
489901,2014-04-04T12:45:28.497Z,214840483,1674,1
140977,2014-04-05T18:30:05.840Z,214826606,941,1
140977,2014-04-05T18:30:05.853Z,214832653,3141,1
140977,2014-04-05T18:30:05.867Z,214826835,1674,2
140977,2014-04-05T18:30:05.874Z,214826627,523,1
140977,2014-04-05T18:30:05.892Z,214826715,732,1
140977,2014-04-05T18:30:05.911Z,214716982,3036,1
189,2014-04-04T07:23:10.719Z,214613865,4711,1
489891,2014-04-04T12:23:41.079Z,214826955,1360,2
489891,2014-04-04T12:23:41.125Z,214826627,523,2
489891,2014-04-04T12:23:41.190Z,214821285,2092,1
489891,2014-04-04T12:23:41.232Z,214826803,4188,1
489891,2014-04-04T12:23:41.268Z,214687685,1256,1
70583,2014-04-02T11:18:32.858Z,214821277,1046,6
70583,2014-04-02T11:18:33.924Z,214821277,1046,6
182,2014-04-04T15:02:14.204Z,214535621,5235,2
182,2014-04-04T15:02:30.627Z,214535621,5235,2
181,2014-04-05T11:05:54.507Z,214820231,1046,2
352209,2014-04-05T19:37:47.979Z,214594678,8900,1
281809,2014-04-01T20:10:16.350Z,214821296,3141,2
281809,2014-04-01T20:10:16.355Z,214832557,2092,1
140998,2014-04-03T14:36:48.055Z,214826750,5235,1
197,2014-04-05T18:19:05.047Z,214774685,2826,1
352222,2014-04-01T15:47:33.273Z,214718182,575,3
352222,2014-04-01T15:47:33.444Z,214690847,837,1
352222,2014-04-01T15:47:33.614Z,214554714,313,1
141004,2014-04-06T19:43:03.202Z,214685795,1046,1
141004,2014-04-06T19:43:03.274Z,214820201,3141,1
141004,2014-04-06T19:43:03.372Z,214825839,1570,1
141004,2014-04-06T19:43:03.416Z,214574754,732,1
141007,2014-04-01T17:36:22.260Z,214821390,941,1
141007,2014-04-01T17:36:22.277Z,214575667,523,1
420553,2014-04-06T09:16:24.520Z,214826955,1360,2
420553,2014-04-06T09:16:24.523Z,214826897,5235,1
420553,2014-04-06T09:16:24.540Z,214820237,523,1
420553,2014-04-06T09:16:24.549Z,214709685,941,1
216,2014-04-02T17:56:01.797Z,214821277,1046,4
210384,2014-04-03T11:37:06.511Z,214716924,4188,1
210396,2014-04-03T11:59:16.737Z,214585138,3141,1
210396,2014-04-03T11:59:17.317Z,214585138,3141,1
489924,2014-04-04T03:41:48.942Z,214800262,1046,1
489983,2014-04-07T19:22:14.701Z,214510044,13509,1
420607,2014-04-04T08:57:10.606Z,214716930,3455,1
420607,2014-04-04T08:57:10.642Z,214716930,6177,1
352249,2014-04-05T18:15:26.586Z,214827020,4188,1
352249,2014-04-05T18:15:26.586Z,214774685,2826,1
352249,2014-04-05T18:15:26.604Z,214821272,418,2
352249,2014-04-05T18:15:26.612Z,214821272,418,1
70631,2014-04-04T09:40:22.945Z,214668795,156,10
70631,2014-04-04T09:40:22.966Z,214834944,2826,2
281848,2014-04-04T07:23:22.946Z,214838370,2617,1
281848,2014-04-04T07:23:49.925Z,214838370,2617,1
253,2014-04-03T20:57:53.988Z,214743341,1360,1
210417,2014-04-06T16:10:16.361Z,214820233,1465,2
210417,2014-04-06T16:10:16.422Z,214820261,4188,1
210417,2014-04-06T16:10:16.487Z,214839765,5759,1
210418,2014-04-02T15:08:35.467Z,214821024,1570,1
210418,2014-04-02T15:08:35.723Z,214832557,2092,1
352239,2014-04-05T10:18:36.161Z,214820383,4188,2
351756,2014-04-06T16:14:51.496Z,214826801,523,2
351756,2014-04-06T16:14:51.573Z,214821279,1570,1
351756,2014-04-06T16:14:51.673Z,214748304,2092,1
351756,2014-04-06T16:14:51.787Z,214820192,1570,1
351756,2014-04-06T16:14:51.791Z,214753507,523,1
420612,2014-04-07T20:06:14.524Z,214551930,1570,1
420612,2014-04-07T20:06:14.580Z,214557497,1151,1
351758,2014-04-05T17:29:59.853Z,214826702,837,1
351758,2014-04-05T17:29:59.901Z,214821277,1046,4
351758,2014-04-05T17:29:59.947Z,214826705,2092,1
351758,2014-04-05T17:30:00.006Z,214821277,1046,6
351758,2014-04-05T17:30:00.050Z,214826955,1360,2
351758,2014-04-05T17:30:00.051Z,214826627,523,2
420608,2014-04-04T10:02:43.501Z,214587765,55397,5
277,2014-04-06T20:52:35.091Z,214836958,2092,1
277,2014-04-06T20:52:35.122Z,214836960,3141,1
209936,2014-04-03T18:28:30.862Z,214533020,837,2
209938,2014-04-07T00:33:03.210Z,214704180,9424,2
209938,2014-04-07T00:33:03.260Z,214714757,941,2
209938,2014-04-07T00:33:03.357Z,214826893,627,2
489491,2014-04-06T12:41:34.047Z,214821290,1046,4
489491,2014-04-06T12:41:34.091Z,214821292,627,2
420639,2014-04-04T20:37:32.126Z,214753513,784,1
70153,2014-04-03T14:53:44.439Z,214820231,1046,4
70153,2014-04-03T14:53:44.489Z,214584939,2617,4
70153,2014-04-03T14:53:44.542Z,214826801,523,1
70153,2014-04-03T14:53:44.590Z,214826700,418,1
489511,2014-04-05T18:41:46.440Z,214826801,523,1
489511,2014-04-05T18:41:46.451Z,214829285,837,5
489511,2014-04-05T18:41:46.452Z,214826627,523,2
489511,2014-04-05T18:41:46.453Z,214826955,1360,2
489511,2014-04-05T18:42:12.957Z,214826955,1360,2
489511,2014-04-05T18:42:12.959Z,214829285,837,5
489511,2014-04-05T18:42:12.969Z,214826801,523,1
489511,2014-04-05T18:42:12.970Z,214826627,523,2
141114,2014-04-03T16:32:31.705Z,214587898,52255,1
281889,2014-04-07T14:46:23.718Z,214523690,261,12
281889,2014-04-07T14:46:23.762Z,214639215,627,3
281889,2014-04-07T14:46:23.795Z,214523700,313,6
70203,2014-04-07T20:12:31.438Z,214826705,2092,1
319,2014-04-02T15:35:00.025Z,214600625,35500,1
319,2014-04-02T15:36:00.554Z,214600625,35500,1
70201,2014-04-01T17:53:23.345Z,214640893,1360,1
70201,2014-04-01T17:53:23.353Z,214602605,8375,1
70201,2014-04-01T17:53:23.366Z,214717511,732,1
70201,2014-04-01T17:53:26.072Z,214640893,1360,1
70201,2014-04-01T17:53:26.250Z,214602605,8375,1
70201,2014-04-01T17:53:26.279Z,214717511,732,1
209973,2014-04-06T15:06:53.938Z,214826606,941,1
209973,2014-04-06T15:06:53.951Z,214826955,1360,2
209973,2014-04-06T15:06:53.974Z,214820186,2092,1
209973,2014-04-06T15:06:54.011Z,214826615,732,1
281894,2014-04-01T19:56:46.993Z,214698037,2931,1
351777,2014-04-01T06:44:20.441Z,214819610,2092,1
291,2014-04-05T18:15:16.566Z,214684513,10471,1
293,2014-04-05T16:42:05.079Z,214826705,2092,1
293,2014-04-05T16:42:05.126Z,214826803,4188,1
293,2014-04-05T16:42:05.192Z,214821285,2092,1
351799,2014-04-06T20:34:39.830Z,214832645,6805,1
281904,2014-04-07T17:21:13.476Z,214826844,1570,2
141094,2014-04-04T07:05:47.356Z,214716984,2617,2
141094,2014-04-04T07:05:47.408Z,214716984,3455,1
141094,2014-04-04T07:05:47.503Z,214559803,3978,1
351796,2014-04-03T10:11:33.096Z,214691334,1883,1
351796,2014-04-03T10:11:33.278Z,214843410,1350,1
351796,2014-04-03T10:11:33.492Z,214691370,1256,1
351796,2014-04-03T10:11:33.631Z,214843432,1036,1
70227,2014-04-07T05:54:42.147Z,214718398,1465,1
420677,2014-04-07T06:56:47.963Z,214811752,2092,1
420683,2014-04-07T11:57:27.240Z,214717003,2931,1
489547,2014-04-04T10:06:48.047Z,214551913,1778,1
70208,2014-04-06T15:00:29.156Z,214839313,4188,1
209997,2014-04-04T09:44:22.479Z,214819376,418,2
209997,2014-04-04T09:44:22.741Z,214826837,627,1
209997,2014-04-04T09:44:22.764Z,214819376,418,1
209997,2014-04-04T09:44:22.978Z,214821300,732,1
324,2014-04-04T17:21:50.435Z,214833802,45972,1
70211,2014-04-03T16:40:27.287Z,214821390,941,2
420694,2014-04-06T08:43:54.409Z,214714880,10471,1
141122,2014-04-05T13:28:01.094Z,214589606,2512,2
281942,2014-04-05T18:12:24.568Z,214819376,418,2
70218,2014-04-06T18:05:09.980Z,214748291,2092,1
351827,2014-04-06T17:30:21.959Z,214821290,1046,4
333,2014-04-03T10:35:55.807Z,214827062,6282,1
70219,2014-04-04T17:13:00.534Z,214748300,2303,2
141179,2014-04-07T19:44:27.340Z,214748291,2092,1
141179,2014-04-07T19:44:27.396Z,214753507,523,1
141178,2014-04-01T10:57:13.411Z,214601040,4711,1
141178,2014-04-01T10:57:13.414Z,214601042,3141,2
281963,2014-04-07T20:33:54.828Z,214563144,0,0
382,2014-04-04T08:46:15.563Z,214534852,1988,1
382,2014-04-04T08:46:29.333Z,214534852,1988,1
489576,2014-04-03T17:32:42.063Z,214685782,13509,1
489576,2014-04-03T17:32:42.132Z,214826801,523,2
210031,2014-04-03T10:37:01.953Z,214821017,1046,1
210031,2014-04-03T10:37:02.044Z,214821013,1883,2
489588,2014-04-02T20:54:01.198Z,214820231,1046,6
141153,2014-04-03T18:35:46.347Z,214687642,1570,1
141153,2014-04-03T18:35:46.375Z,214684115,2617,1
351857,2014-04-07T10:49:11.997Z,214839313,4188,1
489596,2014-04-03T19:04:14.394Z,214676027,15603,1
367,2014-04-07T09:47:28.340Z,214821290,1046,4
367,2014-04-07T09:47:29.864Z,214821290,1046,4
70252,2014-04-06T21:19:51.020Z,214702884,3664,1
70252,2014-04-06T21:19:51.028Z,214508287,1046,1
70252,2014-04-06T21:19:51.074Z,214832447,25133,1
351861,2014-04-03T20:39:21.082Z,214687642,1570,1
141207,2014-04-01T11:00:17.426Z,214753505,1151,1
408,2014-04-02T11:44:10.052Z,214594680,12462,1
408,2014-04-02T11:44:19.401Z,214594680,12462,1
489601,2014-04-06T16:55:27.489Z,214826810,1046,2
351884,2014-04-06T18:06:50.891Z,214826835,1674,2
351884,2014-04-06T18:06:50.968Z,214826715,732,2
351887,2014-04-01T09:07:08.051Z,214581761,2092,1
351887,2014-04-01T09:07:08.384Z,214535010,2617,1
70288,2014-04-05T08:59:57.800Z,214712107,15603,1
210076,2014-04-07T05:50:20.837Z,214573001,313,12
210076,2014-04-07T05:50:20.879Z,214839795,627,6
281999,2014-04-02T19:26:49.404Z,214821279,1570,1
420738,2014-04-03T18:58:48.041Z,214594678,8900,1
210077,2014-04-03T16:25:17.457Z,214744530,2092,3
489607,2014-04-06T15:38:34.227Z,214821277,1046,6
489607,2014-04-06T15:38:39.071Z,214821277,1046,6
351882,2014-04-06T14:19:29.496Z,214826801,523,1
351882,2014-04-06T14:19:29.556Z,214826623,941,1
420767,2014-04-07T17:22:54.131Z,214826705,2092,1
420767,2014-04-07T17:22:54.188Z,214716939,1988,1
282003,2014-04-02T17:55:37.754Z,214819762,627,1
141188,2014-04-04T08:55:49.990Z,214826872,523,1
396,2014-04-06T17:53:45.147Z,214826801,523,1
210054,2014-04-05T10:46:17.897Z,214829737,1360,1
210054,2014-04-05T10:46:17.913Z,214826906,732,1
489616,2014-04-05T09:45:05.794Z,214821277,1046,2
489616,2014-04-05T09:45:05.858Z,214821290,1046,2
210058,2014-04-07T11:31:06.040Z,214821277,1046,2
282017,2014-04-04T13:23:51.840Z,214840483,1674,1
210097,2014-04-07T17:45:33.522Z,214508942,0,0
420776,2014-04-06T09:23:55.114Z,214573552,1674,1
70331,2014-04-06T18:33:09.856Z,214601040,4711,2
70331,2014-04-06T18:33:09.865Z,214601042,3141,2
210101,2014-04-06T18:55:26.766Z,214680356,7328,1
432,2014-04-04T10:51:00.373Z,214709807,7328,1
282043,2014-04-06T08:41:52.849Z,214537967,14556,1
351929,2014-04-03T12:47:35.979Z,214678453,2826,1
351929,2014-04-03T12:47:35.996Z,214578298,2092,1
210133,2014-04-01T22:00:57.020Z,214601042,3141,2
210133,2014-04-01T22:00:57.208Z,214601040,4711,1
210134,2014-04-07T10:53:14.350Z,214826810,1046,1
282053,2014-04-02T00:16:38.975Z,214716975,2198,1
282053,2014-04-02T00:16:38.980Z,214716975,1360,2
420808,2014-04-04T06:18:16.818Z,214716930,6282,1
420814,2014-04-01T12:38:59.431Z,214716977,1778,2
420813,2014-04-03T14:22:51.612Z,214684372,12985,1
420813,2014-04-03T14:22:51.656Z,214826608,313,1
420813,2014-04-03T14:22:51.683Z,214839740,8900,1
489674,2014-04-06T20:17:11.826Z,214716110,2092,1
489674,2014-04-06T20:17:11.828Z,214686902,2617,1
420803,2014-04-06T09:15:32.832Z,214826606,941,2
420803,2014-04-06T09:15:32.841Z,214826606,941,1
70352,2014-04-07T09:21:10.107Z,214826623,941,1
70353,2014-04-06T10:55:06.086Z,214837410,41783,1
210141,2014-04-03T06:41:56.049Z,214819762,627,1
210141,2014-04-03T06:41:56.089Z,214820400,418,1
489671,2014-04-03T15:48:37.392Z,214820214,4188,1
489671,2014-04-03T15:59:35.495Z,214820214,4188,1
489671,2014-04-03T16:00:06.917Z,214820214,4188,1
70354,2014-04-02T14:34:06.671Z,214716943,1570,2
351947,2014-04-02T12:00:28.317Z,214716935,5759,1
141273,2014-04-07T20:06:21.951Z,214717003,2931,1
489664,2014-04-06T09:19:24.143Z,214839313,4188,1
210116,2014-04-04T20:28:31.824Z,214565512,2092,1
141258,2014-04-07T11:27:33.004Z,214826715,732,1
141258,2014-04-07T11:27:33.095Z,214826627,523,2
141258,2014-04-07T11:27:33.187Z,214821307,198,10
141258,2014-04-07T11:27:33.360Z,214844357,198,1
141258,2014-04-07T11:27:33.398Z,214826606,941,1
449,2014-04-01T15:42:00.521Z,214832559,2092,1
449,2014-04-01T15:42:00.605Z,214832557,2092,1
70394,2014-04-07T10:07:51.572Z,214554384,7328,1
351974,2014-04-02T10:58:46.381Z,214819389,1046,1
351974,2014-04-02T10:58:46.432Z,214821369,1046,2
507,2014-04-07T10:24:15.143Z,214717498,2092,1
507,2014-04-07T10:24:15.195Z,214567005,1570,1
282094,2014-04-03T16:40:29.553Z,214840417,1570,2
282094,2014-04-03T16:40:29.601Z,214840410,4188,1
282094,2014-04-03T16:40:29.692Z,214840412,2617,1
489697,2014-04-03T10:45:28.008Z,214716980,2198,2
489697,2014-04-03T10:45:30.450Z,214716980,2198,2
351981,2014-04-05T19:53:03.791Z,214821339,523,3
351981,2014-04-05T19:53:03.848Z,214557497,1151,2
210151,2014-04-01T14:17:40.575Z,214684715,1883,1
210151,2014-04-01T14:17:40.631Z,214711312,837,1
141287,2014-04-02T17:29:04.212Z,214587257,8375,1
141286,2014-04-01T16:29:51.240Z,214690839,837,2
141286,2014-04-01T16:29:51.344Z,214820441,627,1
282108,2014-04-06T17:51:43.142Z,214835582,6282,4
484,2014-04-03T12:21:44.234Z,214691428,1778,1
484,2014-04-03T12:21:47.559Z,214691428,1778,1
489712,2014-04-06T18:23:15.643Z,214546102,8166,1
490288,2014-04-03T17:58:01.081Z,214840762,29217,1
490288,2014-04-03T17:58:09.400Z,214840762,29217,1
282169,2014-04-02T18:30:51.640Z,214545808,8375,1
419898,2014-04-03T15:04:42.731Z,214609325,523,1
556,2014-04-03T15:01:55.815Z,214826801,523,1
556,2014-04-03T15:01:55.819Z,214821285,2092,2
556,2014-04-03T15:01:55.879Z,214826801,523,2
556,2014-04-03T15:01:55.902Z,214826803,4188,2
556,2014-04-03T15:01:55.946Z,214821277,1046,6
351539,2014-04-06T13:31:38.505Z,214826925,837,1
351539,2014-04-06T13:31:38.593Z,214834865,523,1
351539,2014-04-06T13:31:38.816Z,214840483,1674,1
210748,2014-04-06T11:37:14.484Z,214826705,2092,1
210748,2014-04-06T11:37:14.573Z,214826608,313,1
490272,2014-04-07T05:15:02.166Z,214821285,2092,1
490272,2014-04-07T05:15:02.299Z,214820383,4188,1
490272,2014-04-07T05:15:02.491Z,214827009,1046,1
69943,2014-04-01T13:30:51.820Z,214819775,1046,1
69943,2014-04-01T13:30:51.881Z,214820814,2092,1
210747,2014-04-06T13:34:17.001Z,214826705,2092,1
210747,2014-04-06T13:34:17.059Z,214826608,313,1
210747,2014-04-06T13:34:17.137Z,214820441,627,1
210747,2014-04-06T13:34:17.165Z,214826801,523,1
351534,2014-04-02T16:21:30.883Z,214594678,8900,2
419883,2014-04-01T09:03:31.308Z,214551371,680,6
351522,2014-04-06T09:37:24.158Z,214706102,627,1
351522,2014-04-06T09:37:24.175Z,214826998,837,1
210736,2014-04-06T08:12:25.548Z,214826627,523,2
210736,2014-04-06T08:12:25.563Z,214826955,1360,2
210736,2014-04-06T08:12:25.983Z,214826627,523,2
210736,2014-04-06T08:12:26.131Z,214826955,1360,2
140296,2014-04-07T08:33:12.646Z,214516738,1046,2
140296,2014-04-07T08:33:12.743Z,214718102,2092,2
282141,2014-04-05T16:29:28.604Z,214791684,680,1
282141,2014-04-05T16:29:28.612Z,214600492,732,1
282141,2014-04-05T16:29:28.628Z,214819393,1570,1
140298,2014-04-04T10:13:14.419Z,214539782,3664,1
140299,2014-04-06T19:38:05.627Z,214642016,2617,1
140301,2014-04-02T12:57:46.585Z,214684093,1046,1
490256,2014-04-07T08:05:07.041Z,214575088,2092,1
490256,2014-04-07T08:05:13.335Z,214575088,2092,1
210697,2014-04-02T10:30:05.456Z,214753505,1151,1
210697,2014-04-02T10:30:05.473Z,214753507,575,1
210697,2014-04-02T10:30:05.492Z,214748304,2303,1
490271,2014-04-04T08:35:29.400Z,214696434,31311,1
140291,2014-04-03T06:52:03.557Z,214748304,2303,1
140291,2014-04-03T06:52:03.812Z,214753505,1151,1
140291,2014-04-03T06:52:03.814Z,214753507,575,1
282134,2014-04-07T09:18:39.920Z,214586692,5235,1
282134,2014-04-07T09:18:40.008Z,214829312,6282,1
282129,2014-04-03T18:55:06.578Z,214725551,941,10
282129,2014-04-03T18:55:06.604Z,214826900,627,5
490246,2014-04-05T07:29:06.459Z,214534241,11624,1
490246,2014-04-05T07:29:06.477Z,214567065,6805,1
140312,2014-04-05T17:15:18.456Z,214835900,12462,1
140312,2014-04-05T17:15:18.464Z,214708037,4711,1
140312,2014-04-05T17:15:18.480Z,214577443,240,1
490244,2014-04-04T09:30:05.143Z,214820447,1570,1
490242,2014-04-02T12:44:54.733Z,214762209,1041,1
419844,2014-04-07T06:10:23.254Z,214826803,4188,1
419844,2014-04-07T06:10:23.279Z,214821285,2092,1
419844,2014-04-07T06:10:23.284Z,214821309,3141,1
490243,2014-04-06T08:07:06.180Z,214826801,523,1
490243,2014-04-06T08:07:06.201Z,214826700,418,4
282121,2014-04-02T10:57:43.575Z,214821277,1046,2
69909,2014-04-06T20:45:30.511Z,214820252,6282,4
490254,2014-04-02T18:20:09.607Z,214561477,3141,1
69914,2014-04-06T17:40:07.100Z,214821292,627,2
490252,2014-04-07T19:59:03.434Z,214601042,3141,1
490252,2014-04-07T19:59:03.500Z,214827020,4188,1
282118,2014-04-03T07:18:00.027Z,214718203,1360,2
282118,2014-04-03T07:18:00.035Z,214718203,1360,1
419851,2014-04-07T07:36:24.769Z,214826803,4188,1
210707,2014-04-04T12:59:37.918Z,214748302,3350,1
536,2014-04-02T11:11:39.668Z,214832559,2092,1
536,2014-04-02T11:11:39.866Z,214821022,1570,1
536,2014-04-02T11:11:39.904Z,214821024,1570,1
536,2014-04-02T11:11:39.915Z,214832557,2092,1
69917,2014-04-04T20:31:05.577Z,214821277,1046,4
69917,2014-04-04T20:31:05.583Z,214821290,1046,2
69917,2014-04-04T20:31:05.750Z,214821285,2092,2
69917,2014-04-04T20:31:05.756Z,214826702,837,1
210792,2014-04-01T15:07:30.117Z,214716982,2303,2
612,2014-04-02T14:12:50.984Z,214753507,575,2
490361,2014-04-02T19:22:42.971Z,214821275,1046,3
490361,2014-04-02T19:22:42.972Z,214826705,2092,1
490361,2014-04-02T19:22:42.975Z,214594620,6282,1
618,2014-04-02T11:01:12.771Z,214718203,1360,1
618,2014-04-02T11:02:03.787Z,214718203,1360,1
282224,2014-04-05T08:07:36.597Z,214542354,3455,1
490337,2014-04-01T18:12:50.834Z,214748300,2303,1
490339,2014-04-05T12:00:00.752Z,214826833,1360,1
490339,2014-04-05T12:00:00.767Z,214677435,6282,1
140411,2014-04-02T11:17:03.995Z,214685795,1046,1
140411,2014-04-02T11:17:03.999Z,214641416,7328,1
140411,2014-04-02T11:17:04.011Z,214686086,10471,1
140411,2014-04-02T11:17:04.052Z,214685621,1046,1
140408,2014-04-05T13:08:07.718Z,214820441,627,3
282211,2014-04-03T19:03:14.275Z,214716971,1778,1
282211,2014-04-03T19:03:14.289Z,214832557,2092,1
70011,2014-04-03T18:53:31.112Z,214829312,6282,1
70011,2014-04-03T18:53:31.184Z,214821298,627,1
636,2014-04-07T10:35:49.601Z,214684513,10471,1
351577,2014-04-07T17:45:02.666Z,214827022,0,0
351577,2014-04-07T17:45:02.740Z,214829741,0,0
490324,2014-04-05T13:24:19.572Z,214838366,2408,1
490324,2014-04-05T13:24:19.639Z,214838366,1988,1
419931,2014-04-05T16:18:52.231Z,214821290,1046,6
140354,2014-04-01T17:52:54.527Z,214840599,28170,1
593,2014-04-06T09:15:23.162Z,214821290,1046,6
593,2014-04-06T09:15:23.207Z,214585395,4188,1
140383,2014-04-04T19:04:09.912Z,214716930,3455,1
210777,2014-04-04T17:41:37.241Z,214753513,784,1
419907,2014-04-03T07:59:45.071Z,214829285,837,1
602,2014-04-02T12:31:15.052Z,214819562,1046,4
210774,2014-04-06T20:04:12.977Z,214826829,1360,2
490316,2014-04-05T21:16:34.334Z,214842341,18745,1
490316,2014-04-05T21:16:34.392Z,214832302,837,1
70061,2014-04-06T10:11:08.815Z,214691426,1570,1
70061,2014-04-06T10:11:08.872Z,214826606,941,1
70061,2014-04-06T10:11:08.904Z,214664919,732,1
351671,2014-04-06T10:03:20.651Z,214827020,4188,1
351671,2014-04-06T10:03:20.717Z,214821272,418,2
351671,2014-04-06T10:03:20.834Z,214821272,418,1
70053,2014-04-02T18:25:04.388Z,214539697,7852,1
282298,2014-04-01T20:33:26.336Z,214748297,3350,1
282298,2014-04-01T20:33:26.395Z,214753513,784,1
282298,2014-04-01T20:33:27.220Z,214748297,3350,1
282298,2014-04-01T20:33:29.573Z,214753513,784,1
490413,2014-04-06T09:24:54.674Z,214826803,4188,2
490413,2014-04-06T09:24:54.679Z,214821285,2092,3
210871,2014-04-01T08:31:39.655Z,214820231,1046,6
282273,2014-04-01T19:52:13.983Z,214536326,18745,1
692,2014-04-03T19:00:11.740Z,214684730,1360,2
490403,2014-04-03T05:33:32.458Z,214826835,1674,2
490403,2014-04-03T05:33:32.549Z,214826627,523,2
688,2014-04-05T18:32:25.083Z,214840762,29217,1
490397,2014-04-06T16:48:23.904Z,214535621,5235,1
490394,2014-04-05T19:39:40.511Z,214829312,6282,1
490394,2014-04-05T19:39:40.517Z,214685795,1046,1
651,2014-04-01T18:08:42.010Z,214716930,6177,1
651,2014-04-01T18:08:42.120Z,214716930,7328,1
651,2014-04-01T18:08:42.345Z,214838833,627,1
140422,2014-04-07T08:51:59.587Z,214706452,12462,2
140422,2014-04-07T08:51:59.659Z,214826801,523,1
140422,2014-04-07T08:51:59.741Z,214826606,941,1
140422,2014-04-07T08:51:59.801Z,214826627,523,2
490386,2014-04-06T14:57:25.299Z,214826810,1046,2
490386,2014-04-06T14:57:25.336Z,214826625,732,1
140428,2014-04-06T11:33:26.304Z,214827005,627,1
140428,2014-04-06T11:33:26.306Z,214826925,837,1
140428,2014-04-06T11:33:26.307Z,214826925,837,2
140428,2014-04-06T11:33:26.353Z,214827026,1046,1
70022,2014-04-06T15:18:53.920Z,214583190,6282,1
351644,2014-04-01T18:22:29.927Z,214692590,12462,1
669,2014-04-02T12:44:05.577Z,214551917,1778,2
140434,2014-04-05T10:18:35.158Z,214839313,4188,1
140434,2014-04-05T10:18:35.174Z,214826900,627,1
70041,2014-04-02T18:55:07.795Z,214716980,2408,1
282246,2014-04-04T18:11:19.380Z,214591672,32358,1
140436,2014-04-04T17:43:58.963Z,214716982,2617,1
140436,2014-04-04T17:43:58.993Z,214716939,2198,1
140436,2014-04-04T17:43:59.012Z,214716973,2408,2
140436,2014-04-04T17:44:00.181Z,214716943,1360,1
140436,2014-04-04T17:44:00.213Z,214716939,1360,1
664,2014-04-04T07:45:02.367Z,214643045,1883,1
70047,2014-04-07T12:57:37.027Z,214827022,5235,1
70047,2014-04-07T12:57:37.035Z,214827028,5235,1
70047,2014-04-07T12:57:37.050Z,214821272,418,2
419982,2014-04-07T15:02:06.999Z,214748300,0,0
282242,2014-04-02T17:45:23.122Z,214711509,3141,1
282252,2014-04-06T17:08:51.907Z,214826606,941,1
282252,2014-04-06T17:08:51.989Z,214835182,1674,1
351626,2014-04-05T18:20:43.107Z,214698592,12462,1
656,2014-04-02T18:54:40.748Z,214832657,2408,1
351631,2014-04-02T19:43:39.949Z,214685747,10471,1
70039,2014-04-07T08:25:33.082Z,214821277,1046,2
70039,2014-04-07T08:25:33.212Z,214821292,627,1
210914,2014-04-06T10:26:19.464Z,214820233,1465,2
210917,2014-04-03T14:39:49.912Z,214510783,4711,1
737,2014-04-01T04:59:39.603Z,214833800,31311,1
351742,2014-04-03T12:58:03.502Z,214826891,1046,6
351742,2014-04-03T12:58:03.548Z,214586795,1046,1
351742,2014-04-03T12:58:03.616Z,214716935,6177,1
351742,2014-04-03T12:58:03.631Z,214691557,732,2
351742,2014-04-03T12:58:03.635Z,214691604,837,1
282361,2014-04-04T14:28:27.468Z,214821028,4188,1
282361,2014-04-04T14:28:27.545Z,214716926,2408,2
282361,2014-04-04T14:28:27.662Z,214716932,5759,1
742,2014-04-01T18:59:24.203Z,214539845,26075,1
70139,2014-04-02T18:52:52.322Z,214716977,2198,5
140541,2014-04-06T14:12:08.762Z,214826810,1046,2
140541,2014-04-06T14:12:08.782Z,214826606,941,3
490459,2014-04-07T16:14:56.226Z,214639327,2665,1
70094,2014-04-05T09:33:30.722Z,214688098,1046,3
140487,2014-04-04T19:18:09.479Z,214674772,1465,2
714,2014-04-06T14:23:26.005Z,214839313,4188,1
714,2014-04-06T14:23:26.016Z,214839995,523,1
714,2014-04-06T14:23:26.050Z,214839999,523,1
714,2014-04-06T14:23:26.067Z,214565512,2092,1
351699,2014-04-05T09:45:28.149Z,214571904,3141,1
70087,2014-04-03T06:44:27.236Z,214821290,1046,8
70087,2014-04-03T06:44:27.735Z,214821285,2092,2
70087,2014-04-03T06:44:39.371Z,214821285,2092,2
70087,2014-04-03T06:44:39.867Z,214821290,1046,8
70084,2014-04-04T15:23:30.471Z,214579466,2092,1
70084,2014-04-04T15:23:30.534Z,214714820,3664,1
708,2014-04-03T17:30:29.495Z,214586711,1570,3
708,2014-04-03T17:30:29.541Z,214687642,1570,1
728,2014-04-07T07:18:13.935Z,214821277,1046,4
351692,2014-04-06T18:42:43.770Z,214839313,4188,1
420033,2014-04-03T20:21:41.180Z,214553604,11414,1
490437,2014-04-04T13:17:10.839Z,214716975,2931,2
490437,2014-04-04T13:17:32.925Z,214716975,2931,2
490437,2014-04-04T13:17:40.334Z,214716975,2931,2
351689,2014-04-03T07:29:02.313Z,214819612,2092,1
420034,2014-04-03T11:59:27.737Z,214820413,1570,5
420034,2014-04-03T11:59:27.804Z,214826700,418,1
420034,2014-04-03T11:59:27.872Z,214826705,2092,1
420034,2014-04-03T11:59:28.016Z,214585395,4188,1
490022,2014-04-05T16:58:41.675Z,214826608,313,1
490022,2014-04-05T16:58:41.691Z,214826705,2092,1
490022,2014-04-05T16:58:41.734Z,214826801,523,1
490022,2014-04-05T17:01:20.773Z,214826705,2092,1
490022,2014-04-05T17:01:20.784Z,214826801,523,1
490022,2014-04-05T17:01:20.805Z,214826608,313,1
282409,2014-04-07T07:39:55.856Z,214821277,1046,4
69688,2014-04-07T05:56:04.260Z,214832670,38642,1
827,2014-04-03T19:20:55.236Z,214711082,627,2
827,2014-04-03T19:20:55.239Z,214820190,2092,1
827,2014-04-03T19:20:55.240Z,214820186,2092,1
827,2014-04-03T19:20:55.241Z,214711087,1360,1
827,2014-04-03T19:20:55.287Z,214711078,1046,1
826,2014-04-03T20:05:06.956Z,214753505,1151,1
69692,2014-04-07T15:24:25.593Z,214691426,1570,1
69692,2014-04-07T15:24:25.645Z,214691321,1883,1
69692,2014-04-07T15:24:25.695Z,214691366,2092,1
210479,2014-04-03T18:25:47.544Z,214716932,5759,1
490034,2014-04-06T11:50:40.560Z,214839313,4188,1
420153,2014-04-06T12:17:30.864Z,214820192,1570,1
420153,2014-04-06T12:17:30.937Z,214844297,732,1
351283,2014-04-05T20:51:35.678Z,214826801,523,1
351283,2014-04-05T20:51:35.748Z,214826606,941,1
490046,2014-04-03T17:14:49.227Z,214819376,418,1
140578,2014-04-07T08:30:07.067Z,214712668,1778,10
69672,2014-04-05T12:52:27.902Z,214821285,2092,2
69672,2014-04-05T12:52:27.904Z,214826803,4188,2
69672,2014-04-05T12:52:57.196Z,214826803,4188,2
69672,2014-04-05T12:52:57.201Z,214821285,2092,2
351281,2014-04-04T07:30:10.283Z,214594678,8900,1
420159,2014-04-07T17:15:39.489Z,214826700,418,1
420159,2014-04-07T17:15:39.552Z,214587530,3664,1
210458,2014-04-03T05:54:09.861Z,214536440,10471,1
489997,2014-04-01T14:27:38.587Z,214517880,8375,1
140562,2014-04-03T09:04:15.865Z,214839656,4188,1
140562,2014-04-03T09:04:15.892Z,214839643,3874,1
140562,2014-04-03T09:04:15.958Z,214717520,4502,1
140562,2014-04-03T09:04:20.689Z,214839656,4188,1
140562,2014-04-03T09:04:20.698Z,214839643,3874,1
140562,2014-04-03T09:04:20.717Z,214717520,4502,1
69659,2014-04-04T17:18:51.525Z,214600502,26075,1
210454,2014-04-01T15:46:39.850Z,214832655,2617,2
420108,2014-04-01T16:37:33.219Z,214753507,575,1
420108,2014-04-01T16:37:33.251Z,214748304,2303,1
420108,2014-04-01T16:37:33.286Z,214748293,3350,1
351238,2014-04-03T10:44:08.364Z,214821277,1046,3
490006,2014-04-05T09:52:49.317Z,214820383,4188,1
490006,2014-04-05T09:52:49.368Z,214821285,2092,1
210553,2014-04-03T09:22:09.800Z,214821277,1046,6
210553,2014-04-03T09:22:09.824Z,214567404,1570,1
210553,2014-04-03T09:22:09.909Z,214821371,1046,1
210553,2014-04-03T09:22:09.945Z,214835585,52255,1
351341,2014-04-06T10:00:41.836Z,214829312,6282,1
351341,2014-04-06T10:00:41.843Z,214685795,1046,1
490086,2014-04-04T06:36:53.029Z,214601233,627,1
490086,2014-04-04T06:36:53.102Z,214821392,418,1
490086,2014-04-04T06:36:53.200Z,214820454,523,1
490086,2014-04-04T06:36:53.250Z,214821397,1046,1
490086,2014-04-04T06:36:53.319Z,214826625,732,1
490086,2014-04-04T06:36:53.341Z,214826623,941,1
490086,2014-04-04T06:36:53.347Z,214829737,1360,1
210558,2014-04-06T12:02:50.623Z,214820396,732,1
420194,2014-04-04T16:01:05.208Z,214753507,575,1
420204,2014-04-04T11:16:18.455Z,214706441,1360,2
351332,2014-04-07T08:28:23.066Z,214821277,1046,4
351332,2014-04-07T08:28:23.089Z,214826627,523,5
351332,2014-04-07T08:28:23.177Z,214826625,732,1
351332,2014-04-07T08:28:23.215Z,214829257,3141,1
351332,2014-04-07T08:28:23.568Z,214706147,3141,1
490089,2014-04-07T07:49:39.103Z,214826837,627,1
490089,2014-04-07T07:49:39.150Z,214826908,837,1
282468,2014-04-02T20:56:43.074Z,214829741,1570,10
282469,2014-04-01T13:12:27.636Z,214826833,1360,2
282469,2014-04-01T13:12:38.628Z,214826833,1360,2
140659,2014-04-01T08:11:18.595Z,214612920,8375,1
210548,2014-04-04T09:07:59.826Z,214832167,1256,1
210548,2014-04-04T09:07:59.843Z,214716932,4188,1
490097,2014-04-06T15:15:30.236Z,214696434,31311,1
351356,2014-04-06T08:57:57.379Z,214828987,313,1
351356,2014-04-06T08:57:57.385Z,214826621,1046,1
351356,2014-04-06T08:57:57.509Z,214826998,837,1
351356,2014-04-06T08:57:57.530Z,214711312,837,2
351356,2014-04-06T08:57:57.544Z,214514293,2092,2
351354,2014-04-06T10:02:25.804Z,214821285,2092,2
351354,2014-04-06T10:02:25.825Z,214826803,4188,2
873,2014-04-07T11:06:21.376Z,214820252,6282,1
420223,2014-04-01T09:21:24.827Z,214718203,1360,1
420223,2014-04-01T09:21:24.836Z,214819547,418,1
420223,2014-04-01T09:21:24.846Z,214718203,1360,2
877,2014-04-07T20:17:39.691Z,214826816,1674,1
877,2014-04-07T20:17:39.701Z,214826608,313,1
877,2014-04-07T20:17:39.710Z,214821290,1046,3
877,2014-04-07T20:17:39.720Z,214664919,732,1
282443,2014-04-02T18:02:21.187Z,214821028,4188,1
420174,2014-04-03T16:23:23.529Z,214701307,3664,1
490058,2014-04-04T19:00:45.672Z,214684093,1046,1
140622,2014-04-07T15:57:46.870Z,214821277,1046,4
69703,2014-04-01T16:23:20.611Z,214820441,627,1
69703,2014-04-01T16:23:20.646Z,214826816,1674,1
69703,2014-04-01T16:23:20.657Z,214819528,732,1
838,2014-04-01T18:22:12.147Z,214601040,4711,1
838,2014-04-01T18:22:12.209Z,214601042,3141,1
420177,2014-04-05T08:41:01.963Z,214711952,1046,1
420177,2014-04-05T08:41:01.990Z,214696897,3664,1
420177,2014-04-05T08:41:02.055Z,214561502,7328,1
420176,2014-04-07T12:59:23.568Z,214840762,29217,1
140613,2014-04-06T11:02:55.795Z,214826816,1674,1
140613,2014-04-06T11:02:55.838Z,214843410,1350,1
140613,2014-04-06T11:02:55.898Z,214825704,837,1
140613,2014-04-06T11:02:55.902Z,214840871,1140,1
841,2014-04-01T10:06:49.720Z,214716930,5759,2
841,2014-04-01T10:06:49.818Z,214832653,3141,1
210612,2014-04-07T14:42:23.943Z,214716977,0,0
210612,2014-04-07T14:42:24.032Z,214716941,0,0
959,2014-04-04T17:35:25.354Z,214821373,4188,1
959,2014-04-04T17:35:25.365Z,214642560,523,1
351399,2014-04-07T14:07:02.320Z,214821277,1046,6
210611,2014-04-06T18:05:38.954Z,214826700,418,1
210611,2014-04-06T18:05:38.963Z,214820413,1570,4
210611,2014-04-06T18:05:39.043Z,214821290,1046,4
210611,2014-04-06T18:05:39.084Z,214585395,4188,1
954,2014-04-05T14:05:03.152Z,214827020,4188,1
954,2014-04-05T14:05:03.159Z,214821272,418,1
954,2014-04-05T14:05:03.168Z,214827030,1046,1
351402,2014-04-03T06:40:45.412Z,214718203,1360,1
351402,2014-04-03T06:40:45.666Z,214718216,1046,1
490149,2014-04-03T08:49:09.707Z,214836137,16650,1
351401,2014-04-04T17:45:58.229Z,214826606,941,1
351401,2014-04-04T17:45:58.246Z,214826627,523,1
351401,2014-04-04T17:45:58.277Z,214826955,1360,2
351401,2014-04-04T17:45:58.279Z,214840378,12462,1
282536,2014-04-07T17:58:58.549Z,214821277,1046,5
490144,2014-04-01T07:05:17.304Z,214716710,2092,1
351404,2014-04-03T06:08:04.360Z,214821390,941,2
420283,2014-04-02T12:20:15.933Z,214717003,2408,1
937,2014-04-02T17:48:57.433Z,214841006,8375,1
351414,2014-04-05T07:54:03.264Z,214829282,837,2
490171,2014-04-07T18:37:27.522Z,214821285,2092,1
490171,2014-04-07T18:37:27.522Z,214826803,4188,2
420287,2014-04-07T17:31:37.201Z,214821277,1046,2
420287,2014-04-07T18:12:30.007Z,214821277,0,0
932,2014-04-04T14:09:41.648Z,214826955,1360,2
932,2014-04-04T14:09:41.682Z,214826627,523,2
932,2014-04-04T14:09:41.700Z,214826906,732,1
932,2014-04-04T14:09:41.718Z,214709741,680,2
932,2014-04-04T14:09:41.745Z,214819738,187,1
932,2014-04-04T14:09:49.267Z,214826906,732,1
932,2014-04-04T14:09:49.278Z,214826955,1360,2
932,2014-04-04T14:09:49.282Z,214826627,523,2
932,2014-04-04T14:09:49.286Z,214709741,680,2
932,2014-04-04T14:09:49.291Z,214819738,187,1
140688,2014-04-03T19:14:33.649Z,214716932,5759,1
69789,2014-04-02T10:50:43.892Z,214677757,22934,1
69789,2014-04-02T10:50:43.942Z,214820812,313,1
210577,2014-04-07T12:03:47.705Z,214699599,15603,1
210584,2014-04-07T12:51:49.925Z,214826816,1674,1
282507,2014-04-01T07:17:35.492Z,214533026,2092,1
282507,2014-04-01T07:17:46.212Z,214533026,2092,1
420229,2014-04-02T18:51:54.172Z,214838372,1883,2
490141,2014-04-06T17:56:29.082Z,214821300,732,1
490141,2014-04-06T17:56:29.087Z,214826617,627,1
490141,2014-04-06T17:56:29.090Z,214826615,732,1
210564,2014-04-01T12:26:23.174Z,214546136,941,2
210564,2014-04-01T12:26:23.183Z,214523709,1360,3
210564,2014-04-01T12:26:23.194Z,214839795,627,3
210564,2014-04-01T12:26:23.211Z,214517450,1360,2
210564,2014-04-01T12:26:23.226Z,214714929,1883,2
420248,2014-04-01T14:46:10.413Z,214826833,1360,3
69773,2014-04-07T11:10:21.477Z,214821313,1883,2
282514,2014-04-05T23:57:30.812Z,214826889,1046,1
69772,2014-04-04T16:20:38.946Z,214821277,1046,6
69772,2014-04-04T16:20:56.661Z,214821277,1046,6
420242,2014-04-05T16:43:54.693Z,214712278,2092,4
351384,2014-04-03T14:31:54.523Z,214820400,418,1
351384,2014-04-03T14:31:54.657Z,214821373,4188,1
490133,2014-04-01T20:45:29.160Z,214716984,2303,3
490133,2014-04-01T20:45:29.225Z,214716986,2303,3
490133,2014-04-01T20:45:29.504Z,214716941,1778,1
899,2014-04-07T18:46:31.323Z,214710075,2617,2
420332,2014-04-05T20:23:22.932Z,214843502,2092,1
420332,2014-04-05T20:23:22.937Z,214645820,2092,1
1018,2014-04-07T07:14:20.231Z,214545928,7328,1
1018,2014-04-07T07:14:30.075Z,214545928,7328,1
1018,2014-04-07T07:14:37.320Z,214545928,7328,1
69884,2014-04-06T09:46:52.219Z,214820192,1570,1
1021,2014-04-01T11:47:23.366Z,214838462,14556,1
351457,2014-04-06T18:49:49.421Z,214827020,4188,1
490213,2014-04-06T07:31:11.560Z,214839313,4188,1
69871,2014-04-07T09:32:58.847Z,214819760,627,1
69871,2014-04-07T09:32:58.949Z,214819762,627,1
69871,2014-04-07T09:32:59.212Z,214743335,941,1
69868,2014-04-06T10:38:18.143Z,214828987,313,1
420342,2014-04-01T18:42:27.491Z,214716926,2931,1
420342,2014-04-01T18:42:27.581Z,214717003,2617,1
420343,2014-04-06T14:16:19.873Z,214839313,4188,1
420343,2014-04-06T14:16:19.923Z,214748285,1046,1
420343,2014-04-06T14:16:20.015Z,214836137,16650,1
282619,2014-04-03T18:12:31.655Z,214748295,2303,1
282619,2014-04-03T18:12:31.665Z,214748300,2303,1
69859,2014-04-02T15:24:50.521Z,214800268,941,1
69859,2014-04-02T15:24:50.706Z,214820396,732,1
69859,2014-04-02T15:24:50.815Z,214819430,418,1
282621,2014-04-07T06:18:08.418Z,214826897,5235,1
282622,2014-04-05T12:02:47.419Z,214709634,837,1
282622,2014-04-05T12:02:47.484Z,214820396,732,1
140778,2014-04-02T19:51:19.266Z,214575088,2092,2
210668,2014-04-02T13:58:53.086Z,214705520,10471,1
986,2014-04-01T18:29:25.212Z,214601805,20839,1
420299,2014-04-02T20:19:55.222Z,214555492,1046,1
420299,2014-04-02T20:19:55.229Z,214820394,523,1
420299,2014-04-02T20:19:55.264Z,214587697,313,1
420299,2014-04-02T20:19:55.265Z,214645316,6805,1
420299,2014-04-02T20:19:55.288Z,214820812,313,1
420299,2014-04-02T20:19:55.296Z,214819393,1570,1
140754,2014-04-06T17:14:47.869Z,214536440,11414,1
140754,2014-04-06T17:14:47.876Z,214556561,889,1
351426,2014-04-07T06:56:41.468Z,214716930,3455,1
420293,2014-04-06T18:59:33.012Z,214827009,1046,2
69847,2014-04-03T13:52:48.734Z,214821380,1046,1
69836,2014-04-07T14:07:07.477Z,214510044,13509,1
210627,2014-04-04T07:49:15.163Z,214827020,4188,1
210627,2014-04-04T07:49:15.559Z,214821272,418,1
490193,2014-04-01T19:50:30.011Z,214717003,2617,1
490193,2014-04-01T19:50:30.056Z,214717003,2408,1
490193,2014-04-01T19:50:30.101Z,214826606,941,2
490193,2014-04-01T19:50:30.160Z,214717511,732,1
140747,2014-04-01T11:42:14.497Z,214565535,4921,1
966,2014-04-01T16:55:42.264Z,214545935,7642,1
966,2014-04-01T16:55:42.378Z,214716982,2617,1
280657,2014-04-02T12:33:43.944Z,214821380,1046,1
280657,2014-04-02T12:33:43.946Z,214601233,627,1
280657,2014-04-02T12:33:43.974Z,214820402,418,1
280657,2014-04-02T12:33:44.025Z,214712130,1046,1
280657,2014-04-02T12:33:44.033Z,214820400,418,1
421462,2014-04-03T15:59:32.572Z,214753513,784,1
421462,2014-04-03T15:59:32.596Z,214748300,2303,1
71493,2014-04-03T17:59:05.082Z,214811754,2617,1
71493,2014-04-03T17:59:05.131Z,214639245,523,1
139861,2014-04-03T11:33:05.739Z,214533337,732,6
1112,2014-04-07T16:03:17.647Z,214819410,1465,3
71516,2014-04-01T17:52:14.788Z,214536440,10471,1
351052,2014-04-01T07:09:03.999Z,214716461,1046,1
351052,2014-04-01T07:09:04.009Z,214840483,1674,1
351052,2014-04-01T07:09:04.037Z,214546978,1360,1
490879,2014-04-04T22:03:38.540Z,214826747,4083,1
421496,2014-04-05T11:56:04.656Z,214706432,4188,1
421496,2014-04-05T11:56:04.698Z,214820387,1046,1
421503,2014-04-06T15:53:29.348Z,214821290,1046,5
421503,2014-04-06T15:53:29.354Z,214742252,837,1
1128,2014-04-04T07:17:27.258Z,214698581,11414,1
280701,2014-04-03T12:31:51.609Z,214553700,3978,1
351102,2014-04-01T17:28:49.366Z,214716937,1988,2
490861,2014-04-06T17:54:41.240Z,214838308,9424,1
490861,2014-04-06T17:54:50.405Z,214838308,9424,1
280674,2014-04-02T20:24:53.081Z,214836761,41783,1
490858,2014-04-06T17:01:25.584Z,214826615,732,1
490858,2014-04-06T17:01:25.590Z,214748282,376,1
139899,2014-04-05T14:09:21.187Z,214829285,837,10
351081,2014-04-01T08:35:03.227Z,214695073,14451,1
351082,2014-04-03T15:54:59.239Z,214684513,10471,1
351087,2014-04-05T06:20:05.382Z,214748295,2303,1
351087,2014-04-05T06:20:05.516Z,214753507,575,1
280594,2014-04-02T17:01:21.728Z,214716982,1883,2
280594,2014-04-02T17:01:21.735Z,214716982,3350,1
280594,2014-04-02T17:01:21.739Z,214832655,3455,1
280594,2014-04-02T17:01:21.790Z,214706441,1360,1
280594,2014-04-02T17:01:21.814Z,214716982,2617,1
490783,2014-04-03T19:44:20.635Z,214706460,10471,1
490783,2014-04-03T19:44:35.774Z,214706460,10471,1
351007,2014-04-02T16:51:37.692Z,214744530,2092,2
280577,2014-04-06T14:34:55.026Z,214714757,941,1
280577,2014-04-06T14:34:55.075Z,214718255,941,1
280577,2014-04-06T14:34:55.179Z,214718390,680,1
350978,2014-04-07T09:18:59.573Z,214820261,4188,2
350978,2014-04-07T09:18:59.651Z,214551913,1778,1
1052,2014-04-04T07:58:51.481Z,214551890,4502,1
1052,2014-04-04T07:59:46.298Z,214551890,4502,1
209178,2014-04-06T17:31:53.856Z,214716928,2617,1
209178,2014-04-06T17:31:53.910Z,214717003,1778,1
421377,2014-04-05T16:04:00.234Z,214717005,3350,4
421377,2014-04-05T16:04:00.281Z,214717005,1778,2
1046,2014-04-04T06:44:58.396Z,214826829,1360,1
1046,2014-04-04T06:44:58.436Z,214826833,1360,1
1046,2014-04-04T06:44:58.486Z,214554431,523,1
490803,2014-04-02T16:00:42.945Z,214748293,3350,1
490803,2014-04-02T16:00:42.996Z,214748338,3350,1
280633,2014-04-03T10:33:14.428Z,214716937,2198,1
280633,2014-04-03T10:33:14.459Z,214716973,2198,1
280633,2014-04-03T10:33:14.472Z,214716937,1778,1
490792,2014-04-07T12:20:48.794Z,214821290,1046,4
490792,2014-04-07T12:20:48.833Z,214821277,1046,2
490792,2014-04-07T12:20:49.275Z,214821292,627,1
209204,2014-04-06T19:28:16.386Z,214821277,1046,4
71482,2014-04-04T09:17:14.739Z,214716926,2617,2
280613,2014-04-05T18:09:02.222Z,214832653,1883,2
280619,2014-04-06T20:37:45.940Z,214584939,2617,6
351021,2014-04-05T06:30:21.779Z,214826705,2092,4
71478,2014-04-06T09:44:03.654Z,214829312,6282,1
71478,2014-04-06T09:44:03.731Z,214826617,627,1
71478,2014-04-06T09:44:03.874Z,214826619,732,1
139834,2014-04-07T19:17:17.815Z,214839054,3141,1
139834,2014-04-07T19:17:17.816Z,214833740,3036,1
139834,2014-04-07T19:17:17.824Z,214695555,2092,1
71472,2014-04-01T12:42:46.072Z,214829312,6282,1
280797,2014-04-02T13:27:30.871Z,214706460,10471,1
421588,2014-04-03T19:48:59.306Z,214602615,7119,1
421589,2014-04-04T16:22:16.621Z,214710309,9424,2
139983,2014-04-04T12:05:26.824Z,214829741,1570,3
139983,2014-04-04T12:05:26.825Z,214826705,2092,1
139983,2014-04-04T12:05:26.844Z,214826627,523,2
280794,2014-04-03T16:25:32.758Z,214820233,1465,2
1218,2014-04-03T15:20:02.763Z,214725508,837,1
71631,2014-04-03T13:19:16.938Z,214695538,13404,1
490971,2014-04-06T18:56:38.402Z,214826625,732,2
490971,2014-04-06T18:56:38.417Z,214826625,732,1
490948,2014-04-05T10:50:28.477Z,214832557,2092,1
490948,2014-04-05T10:50:28.529Z,214709690,1465,1
490948,2014-04-05T10:50:28.604Z,214709645,1778,1
490948,2014-04-05T10:50:28.673Z,214709634,837,1
490948,2014-04-05T10:50:28.712Z,214840415,2092,1
209373,2014-04-04T09:32:13.552Z,214539435,10471,1
351176,2014-04-01T07:59:37.475Z,214532835,8691,1
139987,2014-04-07T05:41:58.796Z,214842577,931,1
139987,2014-04-07T05:41:58.847Z,214842450,784,1
139987,2014-04-07T05:41:58.895Z,214842575,931,1
139987,2014-04-07T05:41:58.948Z,214691632,889,1
139987,2014-04-07T05:41:58.959Z,214838750,941,1
139987,2014-04-07T05:41:58.994Z,214691441,1465,1
139987,2014-04-07T05:41:59.005Z,214843903,680,1
139987,2014-04-07T05:41:59.015Z,214835675,2931,1
71641,2014-04-04T04:04:01.058Z,214821339,523,6
139991,2014-04-07T13:20:48.864Z,214826705,2092,2
351172,2014-04-03T08:42:43.598Z,214678104,5235,1
1253,2014-04-02T15:22:52.479Z,214678526,3141,10
1253,2014-04-02T15:24:17.871Z,214678526,3141,10
1253,2014-04-02T15:25:25.140Z,214678526,3141,4
280829,2014-04-04T16:42:15.268Z,214644444,2931,1
280829,2014-04-04T16:42:15.269Z,214712270,1674,1
280829,2014-04-04T16:42:15.631Z,214644444,2931,1
280829,2014-04-04T16:42:15.775Z,214712270,1674,1
351227,2014-04-03T11:11:49.975Z,214821272,418,1
351227,2014-04-03T11:11:50.000Z,214827020,4188,1
209386,2014-04-05T20:03:34.351Z,214712237,7328,2
421627,2014-04-04T13:57:34.253Z,214510044,13509,1
71664,2014-04-06T11:02:09.374Z,214748336,1046,1
71664,2014-04-06T11:02:09.381Z,214743350,1570,1
71664,2014-04-06T11:02:38.749Z,214748336,1046,1
71664,2014-04-06T11:02:38.749Z,214743350,1570,1
421606,2014-04-04T15:08:13.358Z,214821292,627,2
421606,2014-04-04T15:08:13.404Z,214829285,837,2
421604,2014-04-05T05:41:58.545Z,214645376,3664,1
421611,2014-04-01T20:17:25.542Z,214586711,1570,7
351201,2014-04-06T19:05:06.855Z,214587898,52255,1
140016,2014-04-02T21:49:08.347Z,214716982,2303,2
140016,2014-04-02T21:49:08.402Z,214717003,2303,2
140016,2014-04-02T21:49:08.553Z,214663325,2826,1
140016,2014-04-02T21:49:08.614Z,214532351,2826,1
1274,2014-04-03T05:30:13.281Z,214691117,1988,1
490898,2014-04-04T17:32:48.621Z,214532351,2826,1
71558,2014-04-03T05:56:28.691Z,214508563,3141,1
71558,2014-04-03T05:56:28.691Z,214539150,5759,1
71558,2014-04-03T05:56:30.129Z,214539150,5759,1
71558,2014-04-03T05:56:30.277Z,214508563,3141,1
351133,2014-04-05T14:54:32.608Z,214708372,1046,2
280733,2014-04-06T16:18:19.870Z,214839313,4188,1
139908,2014-04-06T08:36:05.617Z,214826212,837,1
351127,2014-04-01T14:50:45.063Z,214534217,13509,1
1167,2014-04-06T13:10:56.514Z,214840762,29217,1
490883,2014-04-02T12:45:25.740Z,214537464,6805,1
139932,2014-04-07T09:03:04.650Z,214839313,4188,1
139932,2014-04-07T09:03:04.722Z,214827030,1046,1
139932,2014-04-07T09:03:04.795Z,214839386,837,1
139932,2014-04-07T09:03:04.910Z,214840415,2092,1
139933,2014-04-06T14:38:56.310Z,214826702,837,1
139933,2014-04-06T14:38:56.374Z,214711569,2092,1
421506,2014-04-06T16:11:21.787Z,214821277,1046,6
421506,2014-04-06T16:11:21.830Z,214821292,627,1
421506,2014-04-06T16:11:21.924Z,214826801,523,1
421512,2014-04-03T09:42:40.495Z,214753505,1151,1
421512,2014-04-03T09:42:40.547Z,214753507,575,1
421514,2014-04-03T17:17:49.671Z,214826705,2092,1
421514,2014-04-03T17:24:39.615Z,214826816,1674,1
1187,2014-04-06T09:41:15.168Z,214826606,941,1
1187,2014-04-06T09:41:51.158Z,214826606,941,1
421554,2014-04-01T15:34:50.081Z,214716930,6177,4
421554,2014-04-01T15:34:50.295Z,214716686,4188,1
421553,2014-04-02T14:27:18.885Z,214551913,1778,2
280758,2014-04-01T16:07:38.627Z,214684513,10471,2
351153,2014-04-06T19:55:20.684Z,214515845,5235,1
351153,2014-04-06T19:55:20.723Z,214516142,6805,1
209318,2014-04-04T07:52:13.556Z,214821388,1570,1
139958,2014-04-04T09:21:33.424Z,214685782,13509,1
209328,2014-04-07T19:57:54.997Z,214594678,10471,1
280739,2014-04-06T18:14:46.595Z,214600464,2092,1
139959,2014-04-07T17:41:38.837Z,214601040,0,0
139959,2014-04-07T17:41:38.909Z,214601042,0,0
421549,2014-04-03T18:30:32.725Z,214676387,10471,1
421549,2014-04-03T18:30:32.831Z,214706428,837,1
421549,2014-04-03T18:30:32.938Z,214677437,6282,1
280737,2014-04-03T19:38:50.626Z,214714790,2092,1
280737,2014-04-03T19:38:50.705Z,214828987,313,2
280737,2014-04-03T19:38:50.785Z,214828987,313,1
280737,2014-04-03T19:38:50.887Z,214826606,941,1
209333,2014-04-05T16:53:44.024Z,214839652,6282,1
280742,2014-04-04T12:55:45.502Z,214826700,418,1
280742,2014-04-04T12:55:45.531Z,214820814,2092,1
280742,2014-04-04T12:55:45.555Z,214826801,523,2
351136,2014-04-05T05:40:20.354Z,214668596,4188,1
140114,2014-04-03T07:24:36.958Z,214832552,1046,1
140114,2014-04-03T07:24:37.009Z,214826627,523,1
140114,2014-04-03T07:24:37.028Z,214744779,627,1
140114,2014-04-03T07:24:37.055Z,214820199,2092,1
140114,2014-04-03T07:24:37.073Z,214821279,1570,1
140114,2014-04-03T07:24:37.074Z,214819719,732,1
140114,2014-04-03T07:24:37.152Z,214581690,837,1
1372,2014-04-06T07:09:26.093Z,214826615,732,1
1372,2014-04-06T07:09:26.162Z,214826621,1046,1
1372,2014-04-06T07:09:26.239Z,214826617,627,1
1372,2014-04-06T07:09:26.302Z,214826619,732,1
280901,2014-04-06T17:02:29.316Z,214829312,6282,1
280901,2014-04-06T17:02:29.325Z,214820842,1046,1
280901,2014-04-06T17:02:29.390Z,214714721,1046,1
140123,2014-04-06T16:52:55.399Z,214826801,523,2
140123,2014-04-06T16:52:55.467Z,214826715,732,2
140121,2014-04-05T08:32:53.816Z,214680465,3664,1
490589,2014-04-07T13:24:12.816Z,214840762,29217,1
280919,2014-04-01T15:26:57.281Z,214601197,20839,1
280919,2014-04-01T15:27:29.737Z,214601197,20839,1
280919,2014-04-01T15:27:35.583Z,214601197,20839,1
421727,2014-04-05T21:17:48.699Z,214826627,523,2
421727,2014-04-05T21:17:48.715Z,214826955,1360,2
421727,2014-04-05T21:17:48.761Z,214826715,732,1
421727,2014-04-05T21:17:48.775Z,214826606,941,1
421727,2014-04-05T21:17:48.791Z,214826835,1674,2
421727,2014-04-05T21:17:48.809Z,214554510,2092,1
421727,2014-04-05T21:17:48.823Z,214826608,313,1
421727,2014-04-05T21:17:48.865Z,214826702,837,1
421727,2014-04-05T21:17:48.880Z,214716926,2303,2
421727,2014-04-05T21:17:48.893Z,214826801,523,1
421727,2014-04-05T21:17:48.919Z,214826835,1674,1
140102,2014-04-03T20:24:12.926Z,214827032,837,1
350804,2014-04-07T09:32:29.120Z,214710742,7328,1
71232,2014-04-06T20:23:17.254Z,214821277,1046,4
421718,2014-04-01T13:58:10.134Z,214716980,2092,1
421718,2014-04-01T13:58:10.134Z,214716980,1360,2
421718,2014-04-01T13:58:10.146Z,214832655,3141,1
280928,2014-04-07T07:34:03.720Z,214826810,1046,1
280928,2014-04-07T07:34:03.781Z,214826705,2092,1
280928,2014-04-07T07:34:03.796Z,214508563,3141,1
71283,2014-04-07T07:08:25.957Z,214753505,1151,1
71283,2014-04-07T07:08:25.960Z,214840483,1674,1
71283,2014-04-07T07:08:25.961Z,214748300,2092,1
209023,2014-04-06T15:59:28.488Z,214676390,2617,1
490599,2014-04-01T16:04:02.240Z,214716937,2092,2
71282,2014-04-06T18:16:23.806Z,214510215,7328,1
71282,2014-04-06T18:16:23.818Z,214642787,10261,1
421732,2014-04-05T15:31:24.495Z,214601197,20839,1
350834,2014-04-02T18:06:46.973Z,214709807,7328,1
350834,2014-04-02T18:06:47.063Z,214706441,1360,2
350834,2014-04-02T18:06:47.155Z,214668791,278,2
350834,2014-04-02T18:06:47.171Z,214508308,732,2
208996,2014-04-06T19:10:23.596Z,214827005,627,1
208996,2014-04-06T19:10:23.684Z,214827007,837,1
208996,2014-04-06T19:10:24.038Z,214834865,523,1
71277,2014-04-06T20:49:05.459Z,214821285,2092,2
71277,2014-04-06T20:49:05.479Z,214820383,4188,2
71264,2014-04-04T22:14:03.492Z,214748336,1046,1
421746,2014-04-02T15:05:56.539Z,214716935,6282,1
490611,2014-04-03T19:55:06.800Z,214716982,2303,3
490611,2014-04-03T19:55:06.888Z,214716982,3350,2
490608,2014-04-06T20:33:08.158Z,214737337,1046,1
350724,2014-04-02T19:16:28.463Z,214556822,2092,1
350724,2014-04-02T19:16:28.535Z,214551907,732,2
350724,2014-04-02T19:16:28.607Z,214691557,732,1
140054,2014-04-06T08:15:25.513Z,214717003,2931,1
140054,2014-04-06T08:15:25.515Z,214717003,1778,1
140054,2014-04-06T08:15:25.740Z,214717003,2931,1
140054,2014-04-06T08:15:25.832Z,214717003,1778,1
71198,2014-04-01T19:51:04.848Z,214819762,627,1
71198,2014-04-01T19:51:04.950Z,214696434,31311,2
208914,2014-04-05T11:10:48.498Z,214709792,13509,1
350727,2014-04-04T08:54:28.341Z,214840434,17698,1
421642,2014-04-02T19:12:50.515Z,214839313,4188,1
1311,2014-04-04T18:32:49.602Z,214534241,11624,1
280839,2014-04-02T20:36:46.244Z,214840483,1674,1
280839,2014-04-02T20:36:46.248Z,214821037,837,1
71187,2014-04-07T14:56:41.786Z,214587384,1570,1
71187,2014-04-07T14:56:41.811Z,214819762,627,1
421661,2014-04-06T12:01:41.302Z,214685747,10471,2
280849,2014-04-07T20:14:40.245Z,214601668,6805,1
280849,2014-04-07T20:14:40.369Z,214828987,313,1
280854,2014-04-01T13:43:00.608Z,214717005,2408,4
350736,2014-04-02T20:12:20.986Z,214839752,3455,1
421657,2014-04-06T11:11:34.324Z,214695264,2931,1
421657,2014-04-06T11:11:34.383Z,214695266,2931,1
208902,2014-04-02T18:05:28.977Z,214821277,1046,3
421654,2014-04-07T18:09:33.630Z,214685769,0,0
280863,2014-04-02T16:23:21.070Z,214509084,10471,1
208911,2014-04-06T18:15:10.440Z,214839763,8375,1
208911,2014-04-06T18:15:10.508Z,214837485,627,1
208947,2014-04-06T15:20:05.039Z,214820231,1046,2
140087,2014-04-03T13:48:27.838Z,214811754,2617,1
140087,2014-04-03T13:48:27.882Z,214819496,1046,1
140087,2014-04-03T13:48:27.926Z,214819421,313,1
421679,2014-04-06T16:55:18.208Z,214531937,1046,2
490543,2014-04-04T05:51:12.598Z,214832657,3455,1
280869,2014-04-03T03:06:52.650Z,214829282,837,2
71222,2014-04-06T13:06:31.548Z,214835405,1570,1
71222,2014-04-06T13:06:31.549Z,214709735,1570,1
490529,2014-04-05T08:16:10.862Z,214684745,1465,1
490529,2014-04-05T08:16:11.977Z,214684745,1465,1
421664,2014-04-04T14:03:10.932Z,214820814,2092,1
208959,2014-04-02T11:02:31.015Z,214568090,2617,5
140088,2014-04-02T12:39:22.170Z,214629197,6805,1
280882,2014-04-05T14:39:05.370Z,214826801,523,1
280882,2014-04-05T14:39:05.420Z,214826829,1360,3
280882,2014-04-05T14:39:05.436Z,214826625,732,1
1326,2014-04-06T09:08:22.064Z,214826816,1674,1
1326,2014-04-06T09:08:22.127Z,214826829,1360,2
71209,2014-04-06T12:17:42.896Z,214826700,418,2
71209,2014-04-06T12:17:42.943Z,214826801,523,1
71209,2014-04-06T12:17:42.994Z,214820240,1046,1
71209,2014-04-06T12:17:43.038Z,214826608,313,1
71209,2014-04-06T12:17:43.094Z,214709634,837,1
208938,2014-04-06T11:43:32.937Z,214537925,8900,1
140078,2014-04-02T14:17:40.290Z,214716926,2931,3
140078,2014-04-02T14:17:40.327Z,214716926,2303,1
140078,2014-04-02T14:17:40.359Z,214716926,1778,1
140078,2014-04-02T14:17:40.391Z,214839752,3455,1
140078,2014-04-02T14:17:40.418Z,214716941,1360,1
140078,2014-04-02T14:17:40.617Z,214716941,2198,1
140078,2014-04-02T14:17:40.645Z,214699888,2092,1
140078,2014-04-02T14:17:40.773Z,214584984,1674,1
421681,2014-04-07T10:39:40.488Z,214738445,5549,1
421681,2014-04-07T10:39:40.538Z,214579749,627,1
71202,2014-04-01T07:23:03.560Z,214820237,523,1
71202,2014-04-01T07:23:03.563Z,214819777,627,1
71382,2014-04-04T10:16:17.452Z,214582387,22934,1
350926,2014-04-03T07:56:51.961Z,214716932,5759,1
350926,2014-04-03T07:56:52.023Z,214840483,1674,1
1503,2014-04-05T20:45:45.919Z,214639192,5235,1
1503,2014-04-05T20:45:45.964Z,214510712,1046,1
1503,2014-04-05T20:45:46.010Z,214685792,5235,1
1503,2014-04-05T20:45:46.053Z,214821296,3141,1
1503,2014-04-05T20:45:46.101Z,214552382,3141,1
1503,2014-04-05T20:45:46.103Z,214844312,931,1
1503,2014-04-05T20:45:46.105Z,214844023,936,1
490698,2014-04-05T18:26:04.836Z,214702811,13509,1
490698,2014-04-05T18:26:04.964Z,214537436,2092,1
490698,2014-04-05T18:26:05.153Z,214537417,2092,1
350938,2014-04-07T13:32:13.363Z,214826889,1046,1
350938,2014-04-07T13:32:13.379Z,214826891,1046,1
350938,2014-04-07T13:32:18.926Z,214826891,1046,1
350938,2014-04-07T13:32:18.928Z,214826889,1046,1
350939,2014-04-02T19:29:42.262Z,214821392,418,1
350939,2014-04-02T19:29:42.324Z,214820812,313,1
350943,2014-04-06T10:05:58.977Z,214821277,1046,2
140226,2014-04-06T07:09:57.608Z,214821290,1046,4
140226,2014-04-06T07:09:57.658Z,214821277,1046,6
490718,2014-04-03T14:35:51.996Z,214594678,8900,1
490718,2014-04-03T14:35:52.423Z,214594678,8900,1
1484,2014-04-01T22:15:38.563Z,214717860,837,1
490712,2014-04-03T13:21:49.488Z,214555492,1046,1
490712,2014-04-03T13:21:49.762Z,214821022,1570,1
490712,2014-04-03T13:21:49.765Z,214820456,418,1
490712,2014-04-03T13:21:49.791Z,214826619,732,1
490714,2014-04-01T17:34:16.262Z,214586711,1570,3
140229,2014-04-07T15:52:31.268Z,214552382,3141,1
140228,2014-04-01T12:09:36.120Z,214819472,1360,1
490727,2014-04-02T11:54:32.411Z,214819772,2092,2
421861,2014-04-06T16:48:34.009Z,214821285,2092,1
421861,2014-04-06T16:48:34.025Z,214820383,4188,1
71419,2014-04-03T09:28:35.612Z,214842440,1308,1
71419,2014-04-03T09:28:35.625Z,214842437,837,1
71419,2014-04-03T09:28:35.628Z,214842446,994,1
209143,2014-04-06T19:58:23.063Z,214753507,523,1
421868,2014-04-07T07:26:16.286Z,214826617,627,1
421868,2014-04-07T07:26:16.291Z,214826619,732,1
421871,2014-04-04T19:17:39.196Z,214839660,6282,1
421871,2014-04-04T19:17:39.329Z,214838861,6805,1
1508,2014-04-05T20:55:55.066Z,214717003,2617,4
1511,2014-04-05T11:29:10.004Z,214543494,5235,2
490738,2014-04-05T18:35:57.849Z,214820402,418,2
490738,2014-04-05T18:35:57.891Z,214820396,732,1
1504,2014-04-01T13:36:18.534Z,214820400,418,1
1504,2014-04-01T13:36:18.590Z,214820392,627,1
1504,2014-04-01T13:36:18.653Z,214667912,941,1
1504,2014-04-01T13:36:18.790Z,214744775,837,1
281072,2014-04-07T09:14:45.586Z,214821277,1046,2
1426,2014-04-01T15:42:28.881Z,214585138,3141,1
421764,2014-04-06T19:55:35.374Z,214581917,4711,1
490629,2014-04-05T17:50:32.113Z,214523700,313,12
280972,2014-04-05T21:05:17.442Z,214718203,1360,1
280972,2014-04-05T21:05:17.498Z,214716937,1988,4
280972,2014-04-05T21:05:17.554Z,214826621,1046,1
280972,2014-04-05T21:05:17.599Z,214716980,1988,4
280972,2014-04-05T21:05:17.655Z,214826932,523,2
1434,2014-04-01T12:15:00.535Z,214537967,14556,1
490634,2014-04-03T15:21:58.472Z,214652460,1465,2
209044,2014-04-01T06:05:19.643Z,214717007,2617,1
280966,2014-04-04T07:56:11.383Z,214537753,10471,1
209046,2014-04-06T13:18:35.678Z,214839313,4188,1
490638,2014-04-06T11:06:21.065Z,214748336,1046,1
490638,2014-04-06T11:06:21.107Z,214826615,732,1
490638,2014-04-06T11:06:21.111Z,214687845,1046,1
490638,2014-04-06T11:06:21.532Z,214561775,627,1
421782,2014-04-03T04:29:34.247Z,214839313,4188,1
209032,2014-04-02T12:02:56.197Z,214716973,1988,1
209032,2014-04-02T12:02:56.204Z,214716973,2092,1
209032,2014-04-02T12:02:56.210Z,214716973,2198,1
209032,2014-04-02T12:02:56.215Z,214716973,1360,2
209039,2014-04-01T20:36:55.763Z,214820261,4188,1
140168,2014-04-05T10:36:13.906Z,214716928,2931,1
140168,2014-04-05T10:36:14.043Z,214716928,3350,1
490651,2014-04-04T14:18:57.447Z,214811752,2092,1
490651,2014-04-04T14:18:57.454Z,214811756,837,1
209028,2014-04-04T09:00:52.691Z,214567331,1883,1
209028,2014-04-04T09:02:33.059Z,214567331,1883,1
1457,2014-04-06T15:22:26.301Z,214821277,1046,6
280993,2014-04-04T06:35:23.781Z,214581489,8375,1
350886,2014-04-04T19:38:08.923Z,214819427,1570,1
490668,2014-04-07T11:35:48.318Z,214827005,627,1
490668,2014-04-07T11:35:48.349Z,214571188,208,1
490668,2014-04-07T11:35:48.385Z,214837442,523,1
490668,2014-04-07T11:35:48.407Z,214828987,313,1
490668,2014-04-07T11:35:48.434Z,214826925,837,1
490668,2014-04-07T11:35:48.453Z,214837485,627,1
490668,2014-04-07T11:35:50.793Z,214826925,837,1
490668,2014-04-07T11:35:50.794Z,214827005,627,1
490668,2014-04-07T11:35:50.795Z,214837442,523,1
490668,2014-04-07T11:35:50.796Z,214571188,208,1
490668,2014-04-07T11:35:50.796Z,214837485,627,1
490668,2014-04-07T11:35:50.797Z,214828987,313,1
1446,2014-04-05T19:45:31.251Z,214820237,523,2
1446,2014-04-05T19:45:31.274Z,214820240,1046,1
1446,2014-04-05T19:45:31.281Z,214820237,523,1
1647,2014-04-04T16:02:40.573Z,214821277,1046,6
281206,2014-04-01T21:57:00.303Z,214716928,3350,4
420982,2014-04-06T12:25:08.862Z,214827020,4188,1
420982,2014-04-06T12:25:08.925Z,214827022,5235,1
420982,2014-04-06T12:25:08.991Z,214821272,418,1
350591,2014-04-02T20:22:22.434Z,214819490,5235,1
281208,2014-04-03T12:58:18.505Z,214844002,1036,1
281208,2014-04-03T12:58:18.566Z,214820402,418,2
1639,2014-04-02T17:31:55.675Z,214706460,10471,1
1639,2014-04-02T17:31:55.715Z,214821028,4188,1
491368,2014-04-03T21:31:35.404Z,214821028,4188,1
71039,2014-04-02T13:11:07.142Z,214680422,2617,1
71039,2014-04-02T13:11:07.177Z,214602703,4607,1
1656,2014-04-06T14:34:07.548Z,214821277,1046,6
209783,2014-04-04T07:55:05.289Z,214587611,4188,8
420964,2014-04-01T10:25:13.033Z,214821028,4188,1
139386,2014-04-07T11:34:33.905Z,214820192,1570,1
139386,2014-04-07T11:34:33.993Z,214820255,3978,1
139333,2014-04-04T17:23:33.266Z,214826801,523,1
139333,2014-04-04T17:23:33.354Z,214826606,941,1
139333,2014-04-04T17:23:33.449Z,214826625,732,1
139333,2014-04-04T17:23:33.537Z,214706441,1360,1
139333,2014-04-04T17:23:33.670Z,214664919,732,1
281168,2014-04-02T18:42:19.267Z,214716930,6177,1
491358,2014-04-06T15:38:08.584Z,214839313,4188,1
209739,2014-04-03T14:30:21.984Z,214717005,2408,3
420951,2014-04-02T18:10:44.637Z,214839313,4188,1
139343,2014-04-02T17:24:26.514Z,214511465,8900,1
70981,2014-04-06T12:09:24.518Z,214820252,6282,1
420947,2014-04-01T14:44:30.091Z,214551917,1778,1
70976,2014-04-03T18:32:17.626Z,214748297,3350,1
70977,2014-04-07T09:46:23.340Z,214582391,9424,1
71006,2014-04-01T09:43:03.307Z,214744775,837,1
71006,2014-04-01T09:43:03.364Z,214800268,941,1
71006,2014-04-01T09:43:03.500Z,214748336,1046,1
491343,2014-04-06T14:14:18.198Z,214584808,11414,1
209748,2014-04-02T15:26:26.873Z,214748336,1046,3
139357,2014-04-04T15:48:01.133Z,214537037,1883,1
420933,2014-04-01T12:54:22.805Z,214826803,4188,2
420933,2014-04-01T12:54:22.848Z,214821285,2092,2
139359,2014-04-07T09:10:28.808Z,214826615,732,1
139359,2014-04-07T09:10:28.877Z,214826621,1046,1
139359,2014-04-07T09:10:28.946Z,214826619,732,1
139359,2014-04-07T09:10:29.025Z,214838831,1778,1
209759,2014-04-03T05:29:42.657Z,214826627,523,1
209759,2014-04-03T05:29:42.667Z,214839313,4188,1
70994,2014-04-06T19:09:42.118Z,214835405,1570,1
70994,2014-04-06T19:09:42.174Z,214640017,1046,1
70994,2014-04-06T19:09:42.299Z,214826908,837,1
209757,2014-04-03T19:07:38.437Z,214748295,2303,1
139296,2014-04-01T14:49:38.550Z,214553855,941,1
139296,2014-04-01T14:49:38.625Z,214821371,1046,1
350521,2014-04-03T18:04:56.979Z,214716971,1988,2
350521,2014-04-03T18:04:56.983Z,214716971,2198,1
350521,2014-04-03T18:04:56.985Z,214716941,2408,1
70947,2014-04-06T08:33:28.908Z,214686902,2617,2
139311,2014-04-07T19:04:12.044Z,214531151,31311,1
139311,2014-04-07T19:04:12.062Z,214829810,13509,1
350499,2014-04-06T20:33:30.399Z,214748302,3350,1
281122,2014-04-03T14:57:17.391Z,214716984,2617,1
281122,2014-04-03T14:57:17.454Z,214594680,12462,1
281122,2014-04-03T14:57:21.849Z,214594680,12462,1
281122,2014-04-03T14:57:21.849Z,214716984,2617,1
420908,2014-04-06T12:50:46.333Z,214540035,5759,1
420908,2014-04-06T12:54:53.730Z,214540035,5759,1
209714,2014-04-07T08:18:04.722Z,214840768,1988,2
209714,2014-04-07T08:18:04.764Z,214843910,1036,2
350503,2014-04-07T16:28:59.117Z,214684093,0,0
1591,2014-04-03T14:16:04.869Z,214640407,16650,1
70961,2014-04-06T16:12:13.554Z,214839313,4188,1
281132,2014-04-01T06:26:46.514Z,214821024,1570,1
281132,2014-04-01T06:26:46.548Z,214718169,2092,1
281133,2014-04-03T11:34:44.447Z,214601197,20839,1
350481,2014-04-02T14:12:55.175Z,214561775,627,3
350481,2014-04-02T14:12:55.229Z,214561775,627,1
209669,2014-04-06T17:43:00.654Z,214509084,10471,1
209669,2014-04-06T17:43:55.285Z,214509084,10471,1
209669,2014-04-06T17:44:14.745Z,214509084,10471,1
350484,2014-04-01T15:44:52.699Z,214636505,12462,1
139272,2014-04-03T18:56:14.893Z,214821290,1046,8
350491,2014-04-06T13:17:51.393Z,214821290,1046,2
350491,2014-04-06T13:17:51.395Z,214748336,1046,1
281119,2014-04-02T15:41:09.873Z,214717528,5235,1
209674,2014-04-04T19:57:03.274Z,214586711,1570,3
281113,2014-04-03T17:22:01.856Z,214821390,941,2
70917,2014-04-05T14:48:28.360Z,214586923,1360,1
70917,2014-04-05T14:48:28.420Z,214821272,418,2
70917,2014-04-05T14:48:28.444Z,214826810,1046,1
70917,2014-04-05T14:48:28.496Z,214821292,627,1
70917,2014-04-05T14:48:28.525Z,214821272,418,1
209686,2014-04-06T09:51:53.538Z,214712537,1046,1
350464,2014-04-04T14:44:40.292Z,214819775,1046,1
350464,2014-04-04T14:44:40.336Z,214839313,4188,1
209682,2014-04-03T18:39:44.502Z,214684513,10471,1
1562,2014-04-04T08:34:44.110Z,214717614,6282,1
70931,2014-04-07T11:37:50.102Z,214826889,1046,1
70931,2014-04-07T11:37:50.175Z,214706147,3141,1
209694,2014-04-04T20:37:02.604Z,214716930,6282,1
70929,2014-04-06T16:28:44.987Z,214839313,4188,1
420871,2014-04-06T11:24:00.840Z,214827007,837,1
420871,2014-04-06T11:24:00.841Z,214827005,627,1
420871,2014-04-06T11:24:00.866Z,214834865,523,1
420871,2014-04-06T11:24:00.913Z,214826925,837,1
420871,2014-04-06T11:24:00.938Z,214827026,1046,1
420871,2014-04-06T11:24:00.987Z,214821369,1046,3
1762,2014-04-07T16:24:30.042Z,214839740,8900,1
421108,2014-04-01T08:40:14.064Z,214702725,30264,1
491507,2014-04-06T12:22:47.099Z,214839313,4188,1
139496,2014-04-05T15:44:32.155Z,214738449,5549,1
421119,2014-04-07T20:01:41.253Z,214585395,0,0
491514,2014-04-04T13:46:39.062Z,214821013,1883,1
1769,2014-04-03T12:00:35.915Z,214838366,2617,1
1769,2014-04-03T12:00:35.967Z,214838366,1883,1
71151,2014-04-01T21:58:02.122Z,214717781,7328,1
139518,2014-04-05T17:33:05.018Z,214821290,1046,4
139518,2014-04-05T17:33:05.086Z,214821277,1046,2
1779,2014-04-03T11:42:42.394Z,214709792,13509,1
1779,2014-04-03T11:42:50.008Z,214709792,13509,1
1779,2014-04-03T11:42:53.826Z,214709792,13509,1
139516,2014-04-06T06:27:19.631Z,214835405,1570,2
139516,2014-04-06T06:27:19.635Z,214744528,680,1
139516,2014-04-06T06:27:19.646Z,214706441,1360,1
281321,2014-04-06T07:20:01.906Z,214826925,837,1
281321,2014-04-06T07:20:02.010Z,214827007,837,1
281321,2014-04-06T07:20:02.011Z,214827005,627,1
281321,2014-04-06T07:20:02.012Z,214834865,523,1
281321,2014-04-06T07:20:02.062Z,214827000,418,1
350697,2014-04-07T05:57:47.292Z,214839313,4188,1
139513,2014-04-05T13:25:59.235Z,214602600,313,2
139511,2014-04-02T12:25:54.423Z,214821275,1046,5
139511,2014-04-02T12:25:54.468Z,214553855,941,1
209906,2014-04-05T10:17:50.786Z,214826623,941,1
209906,2014-04-05T10:17:50.840Z,214738457,1046,1
491498,2014-04-02T17:05:45.489Z,214826801,523,2
491498,2014-04-02T17:05:45.573Z,214826608,313,2
491474,2014-04-06T09:58:14.971Z,214700885,3664,1
421077,2014-04-06T19:16:57.131Z,214718160,2092,1
491476,2014-04-05T10:27:44.479Z,214523700,313,30
71117,2014-04-01T08:12:59.296Z,214551913,1778,3
71117,2014-04-01T08:12:59.305Z,214551913,1778,1
350676,2014-04-02T13:04:06.700Z,214832557,2092,1
350676,2014-04-02T13:04:06.703Z,214832559,2092,1
281302,2014-04-01T23:47:25.103Z,214820814,2092,1
139484,2014-04-01T19:22:12.456Z,214697784,1360,1
139486,2014-04-07T19:00:05.859Z,214716932,4188,1
139486,2014-04-07T19:00:06.583Z,214716932,4188,1
1746,2014-04-01T15:45:48.240Z,214821367,10471,1
139487,2014-04-07T06:21:33.154Z,214534267,5549,1
139487,2014-04-07T06:21:33.197Z,214550079,1988,1
209832,2014-04-01T05:16:46.077Z,214710159,3141,1
71084,2014-04-03T19:28:51.272Z,214712402,3141,1
71084,2014-04-03T19:28:51.297Z,214821386,837,1
71084,2014-04-03T19:28:51.351Z,214839909,9424,1
139429,2014-04-06T08:37:59.565Z,214613893,8900,1
491451,2014-04-05T17:43:26.803Z,214820812,313,1
491451,2014-04-05T17:43:26.804Z,214826617,627,1
491451,2014-04-05T17:43:26.835Z,214826612,523,1
491451,2014-04-05T17:43:34.608Z,214826612,523,1
491451,2014-04-05T17:43:34.612Z,214820812,313,1
491451,2014-04-05T17:43:34.619Z,214826617,627,1
491429,2014-04-05T14:35:07.796Z,214695065,17802,1
209852,2014-04-06T15:55:09.739Z,214821277,1046,6
71094,2014-04-04T18:38:59.878Z,214840483,1674,2
1713,2014-04-06T18:27:06.218Z,214827000,418,1
1713,2014-04-06T18:27:06.308Z,214826925,837,1
491437,2014-04-03T19:08:32.555Z,214820214,4188,2
491437,2014-04-03T19:08:32.618Z,214819751,1570,1
491438,2014-04-03T12:11:36.678Z,214587317,837,1
491438,2014-04-03T12:11:36.749Z,214826837,627,1
491438,2014-04-03T12:11:36.835Z,214826872,523,1
209847,2014-04-01T19:49:38.985Z,214717005,2303,2
209847,2014-04-01T19:49:38.997Z,214717005,1778,2
209847,2014-04-01T19:49:39.012Z,214716986,3455,1
209847,2014-04-01T19:49:39.024Z,214716986,1883,2
209847,2014-04-01T19:49:39.039Z,214716984,1883,2
209847,2014-04-01T19:49:39.088Z,214832653,1883,2
209847,2014-04-01T20:04:36.748Z,214744530,2092,5
1722,2014-04-06T11:42:17.357Z,214821290,1046,2
1722,2014-04-06T11:42:17.451Z,214821277,1046,1
491434,2014-04-07T09:16:52.791Z,214681091,1465,1
1721,2014-04-01T20:41:38.249Z,214708239,8375,1
1721,2014-04-01T20:41:50.281Z,214708239,8375,1
281238,2014-04-01T17:56:19.198Z,214551630,3141,6
281238,2014-04-01T17:56:19.286Z,214551630,3141,1
281238,2014-04-01T17:56:19.376Z,214513284,2092,1
281238,2014-04-01T17:56:19.461Z,214513290,523,1
421019,2014-04-02T19:11:54.047Z,214716930,6177,2
1673,2014-04-04T06:46:02.061Z,214826801,523,10
71052,2014-04-01T09:46:11.626Z,214534843,1883,1
71052,2014-04-01T09:46:11.709Z,214539549,2092,1
71052,2014-04-01T09:46:11.868Z,214819775,1046,1
71062,2014-04-01T13:42:59.499Z,214716939,1778,2
71062,2014-04-01T13:42:59.550Z,214716937,2092,2
139411,2014-04-06T10:01:10.739Z,214821392,418,1
139411,2014-04-06T10:01:10.745Z,214819577,627,1
209813,2014-04-06T16:03:45.062Z,214684513,10471,1
350599,2014-04-07T16:55:30.533Z,214826722,3664,1
421226,2014-04-07T16:21:59.713Z,214839313,4188,4
70776,2014-04-05T14:30:13.349Z,214829285,837,3
70776,2014-04-05T14:30:13.410Z,214826608,313,1
70773,2014-04-03T19:19:22.834Z,214748300,2303,1
70773,2014-04-03T19:19:24.127Z,214753513,784,1
421223,2014-04-06T10:18:16.279Z,214839311,1570,1
421223,2014-04-06T10:18:16.284Z,214585633,1465,1
421223,2014-04-06T10:18:16.284Z,214748336,1046,1
281452,2014-04-06T12:42:53.917Z,214826893,627,6
1896,2014-04-06T08:57:59.843Z,214827022,5235,1
421244,2014-04-05T12:42:01.877Z,214821037,837,2
421244,2014-04-05T12:42:01.952Z,214774685,2826,1
70767,2014-04-06T15:35:21.779Z,214832730,37594,1
421247,2014-04-06T18:42:37.479Z,214837485,627,1
421247,2014-04-06T18:42:37.562Z,214717794,1465,1
209511,2014-04-04T19:25:15.703Z,214748300,2303,1
209508,2014-04-05T16:54:43.191Z,214677935,7328,1
139629,2014-04-07T15:01:14.551Z,214826912,0,0
70759,2014-04-06T10:35:05.668Z,214748340,2092,6
281469,2014-04-02T18:08:18.664Z,214820231,1046,4
421194,2014-04-07T10:27:39.090Z,214811752,2092,1
421194,2014-04-07T10:27:39.154Z,214811756,837,1
281412,2014-04-06T10:46:31.109Z,214753513,784,2
350274,2014-04-07T18:30:38.344Z,214537753,0,0
209497,2014-04-06T07:21:58.895Z,214827000,418,1
209497,2014-04-06T07:21:58.904Z,214834865,523,1
209497,2014-04-06T07:21:58.958Z,214827007,837,1
209497,2014-04-06T07:21:58.975Z,214826925,837,1
209497,2014-04-06T07:21:59.006Z,214827005,627,1
209497,2014-04-06T07:21:59.041Z,214828987,313,1
209497,2014-04-06T07:21:59.042Z,214558192,732,1
209497,2014-04-06T07:21:59.092Z,214712126,680,1
209497,2014-04-06T07:21:59.098Z,214821307,198,1
209497,2014-04-06T07:21:59.100Z,214826934,523,1
209497,2014-04-06T07:21:59.103Z,214821309,3141,1
209497,2014-04-06T07:21:59.105Z,214821305,2092,2
491077,2014-04-06T06:49:30.734Z,214837485,627,1
1877,2014-04-06T12:14:28.953Z,214820383,4188,2
70734,2014-04-06T09:20:03.365Z,214674647,4188,1
281424,2014-04-03T08:13:45.235Z,214718220,2092,1
350294,2014-04-07T18:24:22.059Z,214826897,5235,1
70728,2014-04-05T17:14:23.103Z,214613893,8900,1
70729,2014-04-06T08:36:31.934Z,214821343,3350,1
70724,2014-04-05T09:47:51.815Z,214839313,4188,1
209487,2014-04-05T14:18:23.756Z,214839313,4188,1
281436,2014-04-02T13:32:15.754Z,214560187,1570,1
209463,2014-04-02T15:40:14.836Z,214826705,2092,1
209463,2014-04-02T15:40:14.840Z,214833577,2092,1
209463,2014-04-02T15:40:14.856Z,214833575,2092,1
209463,2014-04-02T15:40:14.883Z,214819393,1570,1
209461,2014-04-05T13:48:31.697Z,214702907,1046,1
209461,2014-04-05T13:48:31.709Z,214538484,1046,1
209461,2014-04-05T13:48:31.716Z,214537541,837,1
209456,2014-04-03T12:10:02.491Z,214753507,575,1
139577,2014-04-04T19:33:06.323Z,214820402,418,1
139577,2014-04-04T19:33:06.324Z,214684843,627,1
139577,2014-04-04T19:33:06.332Z,214819380,1046,1
139577,2014-04-04T19:33:06.334Z,214687895,3141,2
139577,2014-04-04T19:33:06.347Z,214577062,2617,1
139577,2014-04-04T19:33:06.349Z,214819760,627,1
139576,2014-04-05T23:13:49.414Z,214829312,6282,1
421157,2014-04-06T19:34:48.278Z,214821290,1046,8
281386,2014-04-03T16:58:32.114Z,214821290,1046,6
281386,2014-04-03T16:58:32.120Z,214826801,523,1
1834,2014-04-06T18:45:20.204Z,214839313,4188,1
1834,2014-04-06T18:45:20.231Z,214839999,523,1
209453,2014-04-03T18:05:39.820Z,214826891,1046,1
209453,2014-04-03T18:05:39.936Z,214717507,1360,3
491058,2014-04-07T11:51:31.939Z,214826803,4188,1
491021,2014-04-01T16:24:05.307Z,214717620,2303,1
1821,2014-04-04T13:03:52.524Z,214718197,3141,1
70683,2014-04-07T12:32:05.200Z,214534280,7852,1
491019,2014-04-03T15:56:34.097Z,214826702,837,1
491019,2014-04-03T15:56:34.105Z,214556561,889,2
209437,2014-04-06T09:39:08.325Z,214714717,1360,2
139544,2014-04-06T11:22:40.405Z,214820237,523,1
139544,2014-04-06T11:22:40.422Z,214839909,9424,1
139544,2014-04-06T11:22:40.426Z,214820192,1570,1
139544,2014-04-06T11:22:40.454Z,214826608,313,1
1812,2014-04-02T11:25:12.163Z,214826810,1046,2
491008,2014-04-05T20:01:41.604Z,214821277,1046,6
70677,2014-04-02T11:56:37.661Z,214696434,31311,1
491009,2014-04-05T17:34:31.332Z,214537520,1465,1
491009,2014-04-05T17:34:31.428Z,214664919,732,1
491009,2014-04-05T17:34:31.568Z,214826625,732,1
70676,2014-04-05T09:18:43.648Z,214826606,941,2
70676,2014-04-05T09:18:43.650Z,214826606,941,1
350223,2014-04-04T21:33:27.177Z,214820454,523,1
350223,2014-04-04T21:33:27.185Z,214821392,418,1
350223,2014-04-04T21:33:27.188Z,214819577,627,1
350223,2014-04-04T21:33:27.195Z,214821020,732,1
350223,2014-04-04T21:33:27.201Z,214819547,418,1
350223,2014-04-04T21:33:27.208Z,214674568,4188,1
350223,2014-04-04T21:33:27.242Z,214551890,4502,1
350223,2014-04-04T21:33:27.244Z,214538439,1883,1
350223,2014-04-04T21:33:27.252Z,214832552,1046,1
421147,2014-04-04T12:24:49.117Z,214832559,2092,1
350228,2014-04-04T19:27:23.891Z,214821277,1046,6
209416,2014-04-05T19:49:54.107Z,214829285,837,3
2033,2014-04-07T16:18:01.791Z,214748338,3350,1
491237,2014-04-04T07:00:51.543Z,214833782,8375,1
70896,2014-04-06T10:34:51.793Z,214826801,523,2
70896,2014-04-06T10:34:51.805Z,214826700,418,2
70896,2014-04-06T10:34:51.814Z,214832552,1046,1
281569,2014-04-02T14:53:02.097Z,214826955,1360,2
281569,2014-04-02T14:53:02.165Z,214826606,941,1
281569,2014-04-02T14:53:02.230Z,214835042,2092,1
281569,2014-04-02T14:53:02.269Z,214826627,523,1
491242,2014-04-02T15:49:44.050Z,214832730,44925,1
70911,2014-04-05T22:28:17.733Z,214826955,1360,2
70911,2014-04-05T22:28:17.737Z,214826627,523,2
70911,2014-04-05T22:28:17.742Z,214680369,5235,2
139767,2014-04-03T17:43:59.072Z,214709792,13509,1
70909,2014-04-06T20:19:08.726Z,214826897,5235,1
139757,2014-04-06T14:48:56.440Z,214821020,732,1
139757,2014-04-06T14:48:56.489Z,214819740,732,2
139757,2014-04-06T14:48:56.536Z,214826998,837,1
139757,2014-04-06T14:48:56.584Z,214601017,7224,2
139757,2014-04-06T14:48:56.585Z,214826837,627,1
139757,2014-04-06T14:48:56.622Z,214821300,732,1
139757,2014-04-06T14:48:56.630Z,214691477,1988,1
139757,2014-04-06T14:48:56.630Z,214718398,1465,2
139757,2014-04-06T14:48:56.658Z,214843895,675,1
139757,2014-04-06T14:48:56.664Z,214843397,1036,1
139757,2014-04-06T14:48:56.670Z,214748282,376,1
139757,2014-04-06T14:48:56.674Z,214843957,884,2
139757,2014-04-06T14:48:56.678Z,214819376,418,1
139757,2014-04-06T14:48:56.682Z,214843899,805,1
350463,2014-04-01T09:11:15.344Z,214672963,15603,1
350463,2014-04-01T09:19:40.583Z,214540597,2512,2
2023,2014-04-03T20:45:48.462Z,214819796,10471,1
281599,2014-04-02T16:18:22.560Z,214838855,2303,1
491259,2014-04-04T11:55:29.076Z,214821020,732,1
491259,2014-04-04T11:55:29.155Z,214819547,418,1
491259,2014-04-04T11:55:29.293Z,214821024,1570,1
350448,2014-04-01T19:00:01.685Z,214587898,52255,1
281547,2014-04-02T18:56:05.170Z,214839647,5235,1
281547,2014-04-02T18:56:05.217Z,214839658,7328,1
491202,2014-04-02T20:09:56.029Z,214539845,26075,1
209629,2014-04-06T17:20:54.110Z,214820345,1883,1
491209,2014-04-03T18:10:04.201Z,214748338,3350,1
281536,2014-04-01T16:57:59.432Z,214753507,575,2
281536,2014-04-01T16:57:59.439Z,214748304,2303,1
281536,2014-04-01T16:57:59.443Z,214748295,2303,1
2012,2014-04-03T17:56:11.870Z,214839313,4188,1
2012,2014-04-03T17:56:11.903Z,214839995,523,1
2012,2014-04-03T17:56:11.936Z,214839999,523,1
2012,2014-04-03T17:56:11.980Z,214839997,523,1
70874,2014-04-07T16:29:44.830Z,214821290,0,0
70874,2014-04-07T16:29:44.833Z,214821277,0,0
70874,2014-04-07T16:29:44.837Z,214821285,0,0
350403,2014-04-01T09:00:28.535Z,214685786,26075,1
491219,2014-04-02T18:40:03.915Z,214821373,4188,2
421337,2014-04-07T03:26:37.826Z,214826955,1360,2
421337,2014-04-07T03:26:37.863Z,214826627,523,2
350379,2014-04-03T06:33:20.996Z,214838503,18745,1
70838,2014-04-01T18:53:25.764Z,214668590,1570,1
70837,2014-04-06T19:12:20.043Z,214835784,33406,1
70837,2014-04-06T19:12:20.108Z,214587521,16650,2
70837,2014-04-06T19:12:20.230Z,214586610,627,2
1983,2014-04-06T19:43:02.054Z,214691188,2092,1
1983,2014-04-06T19:43:02.105Z,214573582,5549,1
1983,2014-04-06T19:43:02.911Z,214573582,5549,1
1983,2014-04-06T19:43:02.930Z,214691188,2092,1
209586,2014-04-05T15:06:31.003Z,214508287,1046,1
491177,2014-04-07T08:50:24.822Z,214827017,1046,1
491177,2014-04-07T08:50:24.833Z,214748336,1046,1
1958,2014-04-05T16:21:22.816Z,214716928,1778,3
1958,2014-04-05T16:21:22.912Z,214716928,2617,2
209579,2014-04-05T16:19:08.132Z,214819412,680,2
421304,2014-04-01T10:38:15.886Z,214686086,10471,1
421304,2014-04-01T10:38:15.960Z,214546106,2512,1
139683,2014-04-07T15:00:27.299Z,214821277,0,0
350384,2014-04-01T17:37:52.914Z,214652882,18326,1
70829,2014-04-06T15:48:41.725Z,214826801,523,1
70829,2014-04-06T15:48:41.788Z,214820261,4188,2
70829,2014-04-06T15:48:41.903Z,214820233,1465,2
1962,2014-04-06T06:23:45.456Z,214827007,837,1
1962,2014-04-06T06:23:45.514Z,214827000,418,3
1962,2014-04-06T06:23:45.574Z,214826925,837,1
1962,2014-04-06T06:23:45.732Z,214827026,1046,1
1962,2014-04-06T06:23:45.737Z,214834865,523,1
1962,2014-04-06T06:23:45.763Z,214821307,198,2
1962,2014-04-06T06:23:45.771Z,214827005,627,1
139666,2014-04-06T12:32:49.817Z,214820252,6282,1
139664,2014-04-03T16:59:25.958Z,214832655,1883,2
139664,2014-04-03T16:59:26.754Z,214820255,3769,1
139656,2014-04-03T06:25:24.351Z,214716930,6282,1
139656,2014-04-03T06:25:24.394Z,214716971,2092,2
491154,2014-04-07T10:03:24.342Z,214717095,41783,1
421269,2014-04-04T17:42:23.967Z,214687642,1570,1
491161,2014-04-03T18:19:34.588Z,214821390,941,1
491161,2014-04-03T18:20:43.475Z,214821390,941,1
142996,2014-04-01T08:11:57.196Z,214716935,5759,1
72604,2014-04-02T10:59:17.826Z,214567010,2722,1
72604,2014-04-02T10:59:17.945Z,214571904,3141,1
72604,2014-04-02T11:01:40.472Z,214571904,3141,1
72604,2014-04-02T11:01:40.484Z,214567010,2722,1
487822,2014-04-02T18:12:27.749Z,214700992,7328,1
279687,2014-04-02T13:51:38.562Z,214534438,4502,1
279687,2014-04-02T13:51:38.575Z,214534430,7852,1
418436,2014-04-06T18:34:08.803Z,214826705,2092,1
212379,2014-04-02T19:38:52.794Z,214581761,2092,1
143007,2014-04-03T16:03:59.952Z,214826621,1046,1
143007,2014-04-03T16:04:00.018Z,214840483,1674,1
143007,2014-04-03T16:04:00.061Z,214821015,418,1
143007,2014-04-03T16:04:00.081Z,214819691,523,1
279692,2014-04-02T19:39:01.239Z,214821020,732,2
418434,2014-04-01T19:34:31.936Z,214717888,2092,1
418434,2014-04-01T19:34:32.011Z,214826891,1046,4
418434,2014-04-01T19:34:32.319Z,214826893,627,4
418434,2014-04-01T19:34:32.322Z,214826955,1360,2
418434,2014-04-01T19:34:32.354Z,214826829,1360,2
418434,2014-04-01T19:34:32.432Z,214826627,523,2
2184,2014-04-06T13:28:57.637Z,214826955,1360,1
2184,2014-04-06T13:28:57.679Z,214826715,732,1
2184,2014-04-06T13:28:57.765Z,214567376,1883,1
142982,2014-04-03T10:33:14.497Z,214716973,2092,2
72587,2014-04-02T15:06:47.563Z,214717888,2092,1
72587,2014-04-02T15:06:47.571Z,214821020,732,1
72587,2014-04-02T15:06:47.636Z,214819547,418,1
72587,2014-04-02T15:06:47.656Z,214821015,418,1
418457,2014-04-06T13:21:58.722Z,214826627,523,2
418457,2014-04-06T13:21:58.749Z,214826955,1360,2
487836,2014-04-03T17:17:48.298Z,214820252,6282,1
212361,2014-04-01T12:08:23.751Z,214820387,1046,1
279706,2014-04-01T06:16:58.116Z,214717888,2092,1
279706,2014-04-01T06:16:58.152Z,214819552,1046,1
487849,2014-04-01T19:25:07.791Z,214820450,4188,1
418478,2014-04-04T15:02:32.226Z,214716992,4711,1
72638,2014-04-04T13:47:57.607Z,214821277,1046,4
72633,2014-04-06T07:48:27.166Z,214839302,12462,1
72633,2014-04-06T07:48:27.190Z,214641902,8375,1
2237,2014-04-02T11:11:12.307Z,214716975,2092,2
279722,2014-04-07T11:50:38.397Z,214716926,2617,2
143037,2014-04-03T21:13:28.671Z,214684513,10471,1
143032,2014-04-01T10:11:44.336Z,214584969,3141,1
143032,2014-04-01T10:11:44.342Z,214714721,1046,1
143032,2014-04-01T10:11:45.051Z,214584969,3141,1
143032,2014-04-01T10:11:45.176Z,214714721,1046,1
350134,2014-04-04T18:15:02.132Z,214586923,1360,2
487867,2014-04-05T09:44:05.159Z,214586645,2303,2
487867,2014-04-05T09:44:31.822Z,214586645,2303,2
487867,2014-04-05T09:45:24.955Z,214586645,2303,2
72618,2014-04-03T19:40:11.984Z,214718203,1360,1
72618,2014-04-03T19:40:12.018Z,214821380,1046,4
72618,2014-04-03T19:40:12.026Z,214718216,1046,1
350131,2014-04-01T17:49:19.387Z,214716930,6177,1
350131,2014-04-01T17:49:19.415Z,214716930,4188,1
350131,2014-04-01T17:49:19.433Z,214821367,10471,1
350131,2014-04-01T17:49:19.458Z,214644339,5968,1
143017,2014-04-04T08:38:25.002Z,214717007,1778,1
143056,2014-04-05T11:26:51.327Z,214738453,2303,1
487884,2014-04-02T18:29:18.317Z,214712544,2617,1
279757,2014-04-02T22:02:45.410Z,214644958,83671,1
279758,2014-04-05T06:46:40.586Z,214839313,4188,10
2256,2014-04-05T10:54:36.452Z,214839313,4188,1
2256,2014-04-05T10:54:36.577Z,214839995,523,1
2256,2014-04-05T10:54:36.707Z,214839999,523,1
2256,2014-04-05T10:54:37.059Z,214839997,523,1
143069,2014-04-06T14:39:13.480Z,214573168,1778,3
143069,2014-04-06T14:39:17.055Z,214573168,1778,3
72663,2014-04-04T08:18:22.560Z,214587898,52255,1
487901,2014-04-04T17:16:53.522Z,214613743,9424,1
487901,2014-04-04T18:04:10.688Z,214587853,38642,1
143042,2014-04-05T12:26:08.724Z,214839313,4188,1
143042,2014-04-05T12:26:08.768Z,214833800,31311,1
72643,2014-04-04T20:45:33.045Z,214844012,826,1
72643,2014-04-04T20:45:33.078Z,214691557,732,1
72643,2014-04-04T20:45:33.128Z,214843410,1350,1
279773,2014-04-03T19:27:09.640Z,214716975,1988,4
279773,2014-04-03T19:27:09.783Z,214716975,2931,1
350171,2014-04-06T10:15:18.927Z,214839313,4188,1
350171,2014-04-06T10:16:09.264Z,214839313,4188,1
350169,2014-04-07T13:24:14.133Z,214826810,1046,1
350169,2014-04-07T13:24:14.138Z,214829310,4188,1
350169,2014-04-07T13:24:14.139Z,214533371,3141,1
350169,2014-04-07T13:24:14.142Z,214538981,4502,2
143053,2014-04-06T10:29:00.793Z,214820842,1046,4
143053,2014-04-06T10:29:00.881Z,214821298,627,1
143053,2014-04-06T10:29:00.939Z,214821272,418,1
143053,2014-04-06T10:29:21.079Z,214820842,1046,4
143053,2014-04-06T10:29:21.109Z,214821272,418,1
143053,2014-04-06T10:29:21.109Z,214821298,627,1
143053,2014-04-06T10:29:25.098Z,214820842,1046,4
143053,2014-04-06T10:29:25.098Z,214821298,627,1
143053,2014-04-06T10:29:25.099Z,214821272,418,1
350179,2014-04-01T18:43:37.874Z,214677510,41783,1
418542,2014-04-03T06:46:29.917Z,214821392,418,1
418542,2014-04-03T06:46:29.978Z,214706441,1360,1
418542,2014-04-03T06:46:30.041Z,214716225,732,1
418542,2014-04-03T06:46:30.092Z,214829737,1360,1
418542,2014-04-03T06:46:30.151Z,214716217,837,1
279789,2014-04-01T07:52:06.765Z,214834985,4392,1
279789,2014-04-01T07:52:06.807Z,214839643,3874,1
279789,2014-04-01T07:52:06.808Z,214714573,5235,1
279786,2014-04-04T13:32:18.232Z,214839313,4188,1
279786,2014-04-04T13:32:18.273Z,214829312,6282,1
279798,2014-04-05T15:37:00.155Z,214839313,4188,1
279797,2014-04-04T10:16:52.188Z,214551862,837,3
279794,2014-04-03T06:53:15.289Z,214821380,1046,3
279794,2014-04-03T06:53:15.351Z,214821380,1046,1
279794,2014-04-03T06:53:37.949Z,214821380,1046,3
279794,2014-04-03T06:53:38.220Z,214821380,1046,1
487931,2014-04-01T16:12:07.253Z,214684513,10471,1
487931,2014-04-01T16:12:07.545Z,214684513,10471,1
72674,2014-04-01T06:46:49.647Z,214716941,2198,1
72674,2014-04-01T06:46:49.650Z,214717007,2303,2
72674,2014-04-01T06:46:49.664Z,214717003,2931,2
72674,2014-04-01T06:46:49.693Z,214716977,2198,1
72674,2014-04-01T06:46:49.694Z,214717003,2408,4
350203,2014-04-05T19:36:39.044Z,214820814,2092,1
350207,2014-04-02T19:42:48.913Z,214839752,3455,1
350207,2014-04-02T19:42:48.919Z,214820942,732,2
349966,2014-04-03T07:15:52.836Z,214820261,4188,2
142878,2014-04-05T15:21:26.330Z,214743356,2303,1
2071,2014-04-06T12:18:49.430Z,214826801,523,1
2071,2014-04-06T12:18:49.601Z,214826606,941,1
2071,2014-04-06T12:18:49.712Z,214826955,1360,2
2071,2014-04-06T12:18:49.814Z,214826623,941,1
279566,2014-04-01T19:18:35.033Z,214827062,6282,1
279566,2014-04-01T19:26:46.436Z,214827062,6282,1
279566,2014-04-01T19:26:46.487Z,214690813,3141,1
349958,2014-04-07T08:35:13.649Z,214820396,732,1
349958,2014-04-07T08:35:13.652Z,214820396,732,2
349958,2014-04-07T08:35:13.658Z,214820392,627,1
349958,2014-04-07T08:35:13.670Z,214826612,523,1
418317,2014-04-05T12:54:51.565Z,214838503,18745,1
487688,2014-04-06T13:45:09.399Z,214551617,4188,1
487689,2014-04-04T08:04:13.359Z,214716971,2198,3
487694,2014-04-06T12:43:29.635Z,214596602,36547,1
2077,2014-04-02T03:41:30.810Z,214547042,2931,1
2076,2014-04-06T06:15:53.277Z,214841640,7328,1
279559,2014-04-01T10:31:24.655Z,214706147,3141,2
279559,2014-04-01T10:31:57.992Z,214706147,3141,2
212232,2014-04-07T01:32:46.969Z,214820231,1046,2
349981,2014-04-06T19:16:05.561Z,214509135,1883,1
349979,2014-04-05T11:17:51.781Z,214560354,4188,1
279583,2014-04-01T18:42:21.138Z,214552687,8375,2
418333,2014-04-07T05:01:53.517Z,214686086,10471,1
418333,2014-04-07T05:01:53.518Z,214685795,1046,1
487706,2014-04-03T17:32:08.934Z,214840483,1674,1
487706,2014-04-03T17:32:08.944Z,214645963,3141,1
349972,2014-04-01T20:15:34.517Z,214706460,10471,1
418328,2014-04-06T17:10:39.165Z,214832728,36547,1
349969,2014-04-05T11:36:14.062Z,214644650,2722,1
212229,2014-04-01T05:41:00.622Z,214601012,6701,1
212229,2014-04-01T05:41:00.627Z,214601030,3141,1
2098,2014-04-01T11:44:24.948Z,214820261,4188,1
72503,2014-04-05T10:46:12.914Z,214717003,2617,1
2103,2014-04-06T16:33:53.539Z,214826908,837,1
2103,2014-04-06T16:33:53.560Z,214717286,627,2
2103,2014-04-06T16:33:53.585Z,214826872,523,1
2103,2014-04-06T16:33:53.607Z,214826876,418,2
279599,2014-04-06T18:58:07.721Z,214821300,732,1
279599,2014-04-06T18:58:07.730Z,214827009,1046,1
2101,2014-04-02T12:02:23.433Z,214819798,4921,1
72499,2014-04-01T19:59:18.099Z,214840762,29217,1
349988,2014-04-04T15:11:36.405Z,214601040,4711,2
349988,2014-04-04T15:11:36.625Z,214832728,36547,1
142902,2014-04-04T20:00:32.628Z,214716982,2617,4
142902,2014-04-04T20:00:32.696Z,214716982,3350,2
487722,2014-04-04T12:07:33.450Z,214702886,5759,1
418348,2014-04-02T11:46:01.171Z,214725532,523,1
418348,2014-04-02T11:46:01.185Z,214744775,837,1
418348,2014-04-02T11:46:01.205Z,214819430,418,1
418348,2014-04-02T11:46:01.263Z,214800268,941,1
418348,2014-04-02T11:46:01.278Z,214820396,732,1
142898,2014-04-07T21:13:29.229Z,214691428,1778,1
142898,2014-04-07T21:13:29.240Z,214532072,3141,1
142898,2014-04-07T21:13:29.250Z,214842575,931,1
142898,2014-04-07T21:13:29.256Z,214691632,889,1
142898,2014-04-07T21:13:29.270Z,214842577,931,1
142894,2014-04-02T15:06:43.363Z,214537468,4188,1
487728,2014-04-03T12:06:09.535Z,214601027,3141,3
279608,2014-04-06T20:05:54.419Z,214819777,627,2
279608,2014-04-06T20:05:54.470Z,214718182,575,2
142888,2014-04-03T17:50:09.027Z,214601040,4711,2
279613,2014-04-05T18:40:41.410Z,214718396,1046,2
350001,2014-04-02T17:45:15.296Z,214601670,16650,1
72531,2014-04-05T19:40:50.510Z,214511072,4397,1
142936,2014-04-05T11:22:25.517Z,214839313,4188,1
350024,2014-04-02T19:38:21.131Z,214832484,135,30
350024,2014-04-02T19:39:08.160Z,214832484,135,30
142933,2014-04-06T13:02:43.906Z,214839643,3874,1
142933,2014-04-06T13:02:55.667Z,214839643,3874,1
142932,2014-04-01T10:14:10.901Z,214717003,2303,2
142932,2014-04-01T10:14:10.955Z,214716926,2408,2
142932,2014-04-01T10:14:10.992Z,214717005,1778,1
142932,2014-04-01T10:14:11.013Z,214716926,2617,2
142932,2014-04-01T10:14:11.161Z,214717007,2617,2
72542,2014-04-02T19:38:07.449Z,214821277,1046,6
418383,2014-04-02T12:54:07.444Z,214717571,3141,1
72514,2014-04-04T08:47:58.002Z,214601040,4711,1
72514,2014-04-04T08:47:58.059Z,214601042,3141,2
142921,2014-04-01T17:21:28.045Z,214840762,29217,1
418387,2014-04-04T11:30:14.321Z,214702852,6282,1
418387,2014-04-04T11:30:14.391Z,214748282,376,1
418387,2014-04-04T11:30:14.632Z,214821399,941,1
2118,2014-04-02T19:20:16.299Z,214573168,1778,1
2118,2014-04-02T19:20:16.307Z,214706147,3141,1
487764,2014-04-06T11:37:24.795Z,214826705,2092,1
418392,2014-04-04T05:13:29.167Z,214819490,5235,1
418392,2014-04-04T05:13:44.510Z,214819490,5235,1
142913,2014-04-06T09:01:41.979Z,214820383,4188,1
142913,2014-04-06T09:01:41.986Z,214826702,837,1
142913,2014-04-06T09:01:41.988Z,214826608,313,1
142913,2014-04-06T09:01:41.992Z,214821272,418,1
279636,2014-04-03T13:06:55.215Z,214640893,1360,1
72527,2014-04-07T19:57:10.390Z,214821011,2617,1
487781,2014-04-01T18:20:21.426Z,214716935,6282,1
487781,2014-04-01T18:20:21.430Z,214716975,1988,1
487781,2014-04-01T18:20:21.433Z,214716977,1988,1
350061,2014-04-04T12:04:52.249Z,214716937,2198,1
350061,2014-04-04T12:04:52.283Z,214716937,1778,2
350061,2014-04-04T12:04:52.319Z,214716977,2198,2
350061,2014-04-04T12:04:52.429Z,214826801,523,1
350061,2014-04-04T12:04:52.432Z,214716977,1778,2
350061,2014-04-04T12:04:52.456Z,214826702,837,1
418404,2014-04-04T08:05:31.724Z,214840483,1674,1
418404,2014-04-04T08:05:31.809Z,214706441,1360,1
72566,2014-04-01T19:42:37.837Z,214601197,20839,1
350063,2014-04-03T11:58:54.887Z,214832557,2092,1
72571,2014-04-06T19:57:18.196Z,214826615,732,1
72571,2014-04-06T19:57:18.207Z,214826617,627,1
72571,2014-04-06T19:57:18.221Z,214826612,523,1
72571,2014-04-06T19:57:18.580Z,214826615,732,1
72571,2014-04-06T19:57:18.688Z,214826617,627,1
72571,2014-04-06T19:57:18.698Z,214826612,523,1
350054,2014-04-06T09:54:42.931Z,214827005,627,1
350054,2014-04-06T09:54:43.111Z,214834865,523,1
350054,2014-04-06T09:54:43.182Z,214827000,418,1
350054,2014-04-06T09:54:43.275Z,214828987,313,1
2168,2014-04-05T13:32:07.210Z,214821277,1046,4
72574,2014-04-06T17:25:42.519Z,214842433,889,4
72574,2014-04-06T17:25:42.560Z,214843905,826,3
72574,2014-04-06T17:25:42.640Z,214843916,727,3
350073,2014-04-04T05:47:00.176Z,214718210,2092,1
487799,2014-04-01T06:51:09.690Z,214716930,5759,1
418416,2014-04-03T09:36:28.233Z,214706460,10471,1
487793,2014-04-07T14:16:53.331Z,214716926,2408,1
487793,2014-04-07T14:16:53.397Z,214716977,1988,1
72548,2014-04-05T15:53:10.743Z,214820413,1570,6
72548,2014-04-05T15:53:10.826Z,214821290,1046,6
279672,2014-04-06T17:39:21.274Z,214551883,523,1
279672,2014-04-06T17:39:21.276Z,214551892,1570,1
279672,2014-04-06T17:39:21.281Z,214551855,418,1
72553,2014-04-06T17:58:25.594Z,214744530,2092,2
487807,2014-04-07T11:56:23.717Z,214712235,10471,1
487807,2014-04-07T11:56:49.623Z,214712235,10471,1
487801,2014-04-05T13:53:38.832Z,214537050,2617,1
487801,2014-04-05T13:53:38.873Z,214712653,1046,1
2153,2014-04-02T14:07:58.747Z,214536435,4188,1
2153,2014-04-02T14:07:58.750Z,214685424,4188,1
418719,2014-04-07T13:11:15.784Z,214821285,2092,1
212096,2014-04-07T08:39:53.475Z,214716369,1046,1
212096,2014-04-07T08:39:53.503Z,214820195,1570,1
212096,2014-04-07T08:39:53.520Z,214820240,1046,1
143246,2014-04-07T19:44:20.640Z,214601010,4188,2
212104,2014-04-03T15:09:33.375Z,214774687,941,1
487571,2014-04-04T05:46:44.783Z,214716607,3141,1
279961,2014-04-06T08:02:38.054Z,214601197,20839,1
72323,2014-04-07T20:23:21.297Z,214834865,523,1
72323,2014-04-07T20:23:21.450Z,214826837,627,1
72323,2014-04-07T20:23:21.597Z,214827000,418,1
72323,2014-04-07T20:23:21.711Z,214826872,523,1
72323,2014-04-07T20:23:21.732Z,214684702,4188,1
72323,2014-04-07T20:23:21.762Z,214826925,837,1
72323,2014-04-07T20:23:21.799Z,214827026,1046,1
279964,2014-04-04T08:02:33.582Z,214819777,627,1
279964,2014-04-04T08:02:33.639Z,214600492,732,1
487561,2014-04-01T15:57:32.843Z,214717005,2617,1
487561,2014-04-01T15:57:32.863Z,214716973,2198,2
2458,2014-04-07T03:28:25.544Z,214839313,4188,1
143251,2014-04-04T12:18:58.439Z,214668590,1570,1
418697,2014-04-04T16:31:54.922Z,214821028,4188,1
418696,2014-04-04T03:48:29.851Z,214839999,523,1
418696,2014-04-04T03:48:29.854Z,214839995,523,1
418696,2014-04-04T03:48:29.876Z,214839997,523,1
418696,2014-04-04T03:48:29.915Z,214821272,418,1
418696,2014-04-04T03:48:29.936Z,214839313,4188,1
418696,2014-04-04T03:48:29.952Z,214840001,523,1
418696,2014-04-04T03:48:29.999Z,214827020,4188,1
487553,2014-04-06T15:40:15.018Z,214839313,4188,2
349837,2014-04-06T17:07:14.615Z,214658880,2250,1
349837,2014-04-06T17:07:14.636Z,214838863,3036,1
349837,2014-04-06T17:07:14.657Z,214754537,3141,1
418692,2014-04-06T11:11:21.750Z,214536399,4711,1
418692,2014-04-06T11:11:21.836Z,214714721,1046,1
2449,2014-04-04T17:58:59.075Z,214819490,5235,1
212123,2014-04-01T17:02:51.667Z,214698465,9947,1
487556,2014-04-06T19:14:23.562Z,214512611,9424,1
487558,2014-04-07T18:55:30.159Z,214680356,7328,1
349834,2014-04-07T16:54:40.133Z,214696560,1778,1
349834,2014-04-07T16:54:40.152Z,214748336,1046,1
349834,2014-04-07T16:54:40.169Z,214819376,418,1
212129,2014-04-01T10:10:30.542Z,214820392,627,1
212129,2014-04-01T10:10:30.589Z,214820400,418,1
212129,2014-04-01T10:10:30.606Z,214819376,418,1
212129,2014-04-01T10:10:30.635Z,214744775,837,1
2474,2014-04-02T10:37:35.898Z,214534704,9424,1
72364,2014-04-07T11:18:58.976Z,214716973,2198,2
279988,2014-04-07T08:25:22.918Z,214551926,1570,2
487613,2014-04-05T08:33:03.852Z,214826893,627,6
487613,2014-04-05T08:33:03.897Z,214826829,1360,6
487613,2014-04-05T08:33:03.941Z,214826705,2092,2
487613,2014-04-05T08:33:03.944Z,214820413,1570,6
487613,2014-04-05T08:33:03.995Z,214585395,4188,1
487613,2014-04-05T08:33:03.998Z,214821292,627,3
487613,2014-04-05T08:33:04.019Z,214819393,1570,1
487613,2014-04-05T08:33:04.022Z,214826625,732,1
487613,2014-04-05T08:33:04.064Z,214826623,941,1
72359,2014-04-05T11:20:07.861Z,214826816,1674,1
2467,2014-04-07T09:08:39.110Z,214826816,1674,2
487601,2014-04-03T05:37:36.919Z,214584920,1570,4
72381,2014-04-06T13:37:43.295Z,214748300,2092,1
72381,2014-04-06T13:37:43.357Z,214753507,523,1
279977,2014-04-05T13:04:34.229Z,214839313,4188,1
143294,2014-04-01T17:32:26.865Z,214820255,3769,1
349868,2014-04-05T16:48:56.848Z,214826955,1360,4
349868,2014-04-05T16:48:56.924Z,214826627,523,8
349867,2014-04-01T10:23:59.512Z,214712237,7328,1
212159,2014-04-07T08:21:30.467Z,214602322,4502,1
212159,2014-04-07T08:21:30.517Z,214711297,2722,1
212159,2014-04-07T08:21:30.525Z,214712126,680,1
487589,2014-04-02T17:27:56.652Z,214839311,1570,2
418779,2014-04-07T06:25:36.901Z,214821285,2092,2
212163,2014-04-05T10:25:54.348Z,214827020,4188,1
212163,2014-04-05T10:25:54.412Z,214821272,418,1
280017,2014-04-05T10:08:42.991Z,214829285,837,2
280017,2014-04-05T10:08:43.048Z,214821285,2092,2
2501,2014-04-04T19:21:16.771Z,214582502,11414,1
418774,2014-04-01T17:59:47.223Z,214706432,4188,1
418774,2014-04-01T17:59:47.279Z,214821028,4188,1
72388,2014-04-04T18:25:14.648Z,214840762,29217,1
280027,2014-04-05T13:04:54.876Z,214826955,1360,2
280027,2014-04-05T13:04:54.909Z,214826627,523,2
349917,2014-04-06T09:07:33.173Z,214702787,20839,1
143309,2014-04-06T11:46:32.943Z,214551911,1360,2
418763,2014-04-07T12:57:33.980Z,214717888,2092,1
212182,2014-04-07T17:04:48.067Z,214826897,0,0
212182,2014-04-07T17:04:48.089Z,214532072,0,0
212182,2014-04-07T17:04:48.103Z,214532070,0,0
143318,2014-04-01T16:39:17.575Z,214821367,10471,1
487627,2014-04-04T19:54:21.153Z,214537967,14556,1
212179,2014-04-02T19:43:42.050Z,214820233,1465,2
212179,2014-04-02T19:43:42.051Z,214820261,4188,2
212179,2014-04-02T19:43:42.052Z,214535621,5235,1
212179,2014-04-02T19:43:42.057Z,214820227,2092,1